Pathway2	Sample	Type	Mutationload	Indel	CNV	Number	Genes	PDL1	CD8A	CD8B	CTLA4	PD1	PDL2
DDRM	TCGA-A2-A3Y0-01	Mutant	251	1	282	1	REC8	60.7454	417.337	186.505	148.416	209.49	76.5064
DDRM	TCGA-D8-A1J8-01	Mutant	990	55	73	1	XPC	120.241	683.101	98.0553	101.89	50.3972	391.4
DDRM	TCGA-B6-A0IO-01	Mutant	90	3	275	1	RAD18	4.6056	135.866	43.7536	11.1851	11.1851	25.0021
DDRM	TCGA-A8-A09Q-01	Mutant	201	1	667	1	MSH4	41.8711	193	38.2728	79.8168	56.9185	165.195
DDRM	TCGA-OL-A66P-01	Mutant	127	16	231	1	XPC	12.2302	1499.28	430.935	227.338	485.611	166.906
DDRM	TCGA-C8-A26Y-01	Mutant	923	18	275	1	ALKBH1	53.5414	119.933	45.5867	40.6914	13.7678	33.3486
DDRM	TCGA-PL-A8LV-01	Mutant	163	4	188	1	FANCI	20.1189	225.88	68.5871	92.8212	53.0407	63.5574
DDRM	TCGA-BH-A1FC-01	Mutant	131	4	363	1	MSH4	47.3704	689.665	162.413	110.335	163.884	164.472
DDRM	TCGA-A8-A08R-01	Mutant	336	11	290	1	FANCI	89.9633	262.546	56.6095	106.181	58.7515	215.116
DDRM	TCGA-AN-A0AK-01	Mutant	1533	214	113	2	RNF168:RAD18	13.4341	78.5055	16.7926	21.8304	31.4861	52.8967
DDRM	TCGA-D8-A27G-01	Mutant	1179	5	172	2	RNF168:TOP3A	24.2797	468.436	113.953	39.495	51.7967	68.6306
DDRM	TCGA-AC-A5XS-01	Mutant	1444	10	77	2	DCLRE1B:TOP3A	4.6455	406.942	140.757	59.4619	49.7064	84.5473
DDRM	TCGA-A8-A09Z-01	Mutant	1541	177	70	4	REC8:DCLRE1B:POLN:RAD18	115.275	521.77	121.699	49.6074	88.8651	96.0029
DDRM	TCGA-A2-A0YK-01	Mutant	487	1	59	1	REC8	58.8778	1184.42	331.948	139.067	119.201	183.135
DDRM	TCGA-A1-A0SI-01	Mutant	277	1	57	1	XPC	48.8523	583.579	162.154	45.6151	59.741	158.034
DDRM	TCGA-A8-A07W-01	Mutant	181	5	256	1	FANCI	21.9274	79.7648	18.7495	29.5543	13.9827	69.2778
DDRM	TCGA-A8-A09G-01	Mutant	358	5	149	1	ALKBH1	39.4858	273.033	48.6685	53.8721	49.5868	83.5629
DDRM	TCGA-AO-A03M-01	Mutant	1149	0	179	1	PMS2	72.6981	654.283	134.171	107.978	86.0617	163.304
DDRM	TCGA-AN-A0XW-01	Mutant	427	2	301	1	TOP3A	63.0228	594.048	112.43	141.996	116.32	292.55
DDRM	TCGA-D8-A27V-01	Mutant	456	2876	180	4	XPC:DCLRE1B:POLN:ALKBH1	51.3842	126.258	39.0101	5.6628	6.5017	91.443
DDRM	TCGA-D8-A1XQ-01	Mutant	1067	112	303	1	RNF168	83.5778	246.726	45.5098	119.07	58.9624	260.179
DDRM	TCGA-B6-A0IK-01	Mutant	206	1	199	1	PMS2	13.8728	156.647	27.1676	30.0578	16.763	36.4162
DDRM	TCGA-BH-A0HK-01	Mutant	282	7	121	1	POLN	20.5479	110.116	13.6986	5.7956	8.4299	54.7945
DDRM	TCGA-AC-A23C-01	Mutant	146	7	299	1	PMS2	31.8845	327.267	83.9224	43.6156	14.1375	102.873
DDRM	TCGA-AR-A0TW-01	Mutant	68	3	411	1	MSH4	31.5297	594.794	105.756	83.7507	71.5987	149.766
DDRM	TCGA-A8-A094-01	Mutant	241	12	297	1	FANCI	83.0731	376.64	74.3285	109.307	118.676	292.317
NonDDR	TCGA-HN-A2NL-01	NonMutant	96	6	178	1	Random	10.2189	471.77	136.592	47.0067	47.3474	45.3036
NonDDR	TCGA-AC-A2FM-01	NonMutant	0	0	203	1	Random	3.3411	67.4908	9.021	8.3528	7.0164	15.3692
NonDDR	TCGA-A2-A0EX-01	NonMutant	35	0	196	1	Random	10.0701	125.219	35.4641	3.0648	7.4431	52.1016
NonDDR	TCGA-AR-A1AK-01	NonMutant	82	2	107	1	Random	61.6845	506.92	128.114	37.5643	71.9652	187.03
NonDDR	TCGA-JL-A3YW-01	NonMutant	0	0	185	1	Random	84.6542	193.084	45.389	163.545	52.9539	229.107
NonDDR	TCGA-A8-A08A-01	NonMutant	30	4	70	1	Random	10.4926	45.5885	13.0253	9.0453	17.0052	40.5231
NonDDR	TCGA-OK-A5Q2-01	NonMutant	43	1	130	1	Random	19.0186	289.844	78.3568	57.8167	91.2895	56.6755
NonDDR	TCGA-AR-A24Z-01	NonMutant	59	3	518	1	Random	22.8912	62.7218	10.7588	11.6745	7.5541	70.7337
NonDDR	TCGA-LL-A5YM-01	NonMutant	42	4	189	1	Random	15.7942	75.9139	41.2686	5.0949	19.8701	16.3037
NonDDR	TCGA-AO-A0J2-01	NonMutant	86	5	528	1	Random	122.525	221.114	76.3642	81.778	51.8592	78.0738
NonDDR	TCGA-AO-A1KP-01	NonMutant	27	0	123	1	Random	9.9471	46.7514	3.9788	13.5944	6.6314	12.2681
NonDDR	TCGA-BH-A0HL	NonMutant	41	3	0	1	Random	NA	NA	NA	NA	NA	NA
NonDDR	TCGA-B6-A40B-01	NonMutant	70	0	106	1	Random	8.6387	42.2336	6.719	15.6776	11.1983	30.7154
NonDDR	TCGA-BH-A1EO-01	NonMutant	51	2	186	1	Random	18.8834	118.451	26.8946	27.4668	13.1612	88.1227
NonDDR	TCGA-D8-A1XC-01	NonMutant	35	1	42	1	Random	5.7573	16.8291	1.7715	0.4429	0.4429	4.8716
NonDDR	TCGA-BH-A1F5-01	NonMutant	44	1	105	1	Random	12.8961	44.2152	4.79	1.8423	1.4738	35.0037
NonDDR	TCGA-EW-A1P7-01	NonMutant	25	4	72	1	Random	80.7119	1103.89	359.272	112.583	115.48	199.503
NonDDR	TCGA-E2-A15I-01	NonMutant	91	4	81	1	Random	28.2597	409.413	107.034	45.5688	28.2597	58.2857
NonDDR	TCGA-GM-A5PX-01	NonMutant	42	2	63	1	Random	2.3447	162.564	30.4807	22.2743	31.2622	30.8714
NonDDR	TCGA-BH-A1FJ-01	NonMutant	46	2	139	1	Random	11.4527	49.3558	3.5449	3.2722	1.0907	18.8152
NonDDR	TCGA-GM-A2DN-01	NonMutant	28	0	39	1	Random	55.5341	974.933	200.926	107.597	116.467	96.7991
NonDDR	TCGA-A8-A090-01	NonMutant	47	3	157	1	Random	30.1233	159.654	24.0987	21.4629	18.8271	101.666
NonDDR	TCGA-BH-A0H5-01	NonMutant	334	0	61	1	Random	128.324	2947.69	675.112	292.398	308.956	279.227
NonDDR	TCGA-AO-A03U-01	NonMutant	5	2	47	1	Random	41.5014	165.09	29.2951	11.596	13.1218	57.6747
NonDDR	TCGA-E2-A14T-01	NonMutant	46	4	327	1	Random	5.988	97.1693	20.9581	6.2602	4.8993	29.1236
NonDDR	TCGA-AC-A6NO-01	NonMutant	49	2	77	1	Random	19.3752	87.3863	15.8165	7.5129	4.3495	18.189
NonDDR	TCGA-E9-A54X-01	NonMutant	0	0	100	1	Random	1.4896	8.9374	0	0	2.4826	2.9791
NonDDR	TCGA-AR-A0TU	NonMutant	93	5	0	1	Random	NA	NA	NA	NA	NA	NA
NonDDR	TCGA-E2-A15H-01	NonMutant	34	4	342	1	Random	6.4386	102.213	16.9014	10.4628	9.2555	32.5956
NonDDR	TCGA-LL-A6FP-01	NonMutant	76	6	100	1	Random	2.6882	10.7527	3.3602	0.336	1.0081	4.0323
NonDDR	TCGA-4H-AAAK-01	NonMutant	37	0	109	1	Random	17.4468	102.553	23.8298	37.0213	15.7447	57.8723
NonDDR	TCGA-OL-A5RX-01	NonMutant	38	1	83	1	Random	13.666	221.969	57.977	14.9084	25.2614	38.9274
NonDDR	TCGA-A2-A4RW-01	NonMutant	0	0	218	1	Random	12.1065	325.666	64.77	19.9758	41.1622	65.9806
NonDDR	TCGA-AO-A12H-01	NonMutant	31	2	43	1	Random	2.961	45.4022	10.199	0	2.303	18.4241
NonDDR	TCGA-E2-A1LA-01	NonMutant	110	5	141	1	Random	35.603	817.534	185.581	89.8976	121.495	173.565
NonDDR	TCGA-E2-A570-01	NonMutant	36	3	87	1	Random	12.306	72.7662	20.3317	23.542	11.771	42.8036
NonDDR	TCGA-B6-A0IM-01	NonMutant	43	3	194	1	Random	13.3027	60.6604	12.5046	5.3211	3.9908	36.4495
NonDDR	TCGA-D8-A1XR-01	NonMutant	34	3	72	1	Random	9.2506	54.0034	6.5004	3.0002	3.0002	15.0009
NonDDR	TCGA-A2-A04Q-01	NonMutant	69	2	97	1	Random	148.862	1766.68	424.99	240.262	242.19	346.703
NonDDR	TCGA-OL-A6VQ-01	NonMutant	133	4	61	1	Random	27.2747	184.862	50.5086	35.356	29.295	53.5391
NonDDR	TCGA-A8-A083-01	NonMutant	30	2	63	1	Random	31.9481	21.2987	7.013	3.6364	2.0779	10.9091
NonDDR	TCGA-AN-A0XO-01	NonMutant	43	2	110	1	Random	14.2136	24.7317	3.9798	1.4214	0.8528	20.1834
NonDDR	TCGA-LL-A442-01	NonMutant	0	0	43	1	Random	21.8182	31.1688	2.8571	4.1558	2.5974	15.3247
NonDDR	TCGA-BH-A1FM-01	NonMutant	66	2	446	1	Random	10.1495	31.536	3.9873	2.1749	0.3625	57.9973
NonDDR	TCGA-BH-A0W4-01	NonMutant	41	2	56	1	Random	16.9725	55.4008	11.8487	4.8035	3.8428	32.9843
NonDDR	TCGA-LD-A7W6-01	NonMutant	51	0	75	1	Random	27.9562	355.497	74.8017	24.9339	27.2006	62.7125
NonDDR	TCGA-AR-A0TR-01	NonMutant	42	4	96	1	Random	7.141	87.3402	31.3106	14.282	9.6129	15.93
NonDDR	TCGA-AR-A2LM-01	NonMutant	17	1	80	1	Random	27.0867	300.997	59.6515	7.3043	18.8694	55.9994
NonDDR	TCGA-E2-A1IU-01	NonMutant	35	1	89	1	Random	9.8664	155.807	46.4543	9.4553	15.6218	34.1213
NonDDR	TCGA-EW-A1J3-01	NonMutant	32	0	118	1	Random	21.4056	77.9297	18.3954	26.4225	10.3683	35.7875
NonDDR	TCGA-BH-A0E1-01	NonMutant	70	2	82	1	Random	5.1471	35.6336	4.3552	3.1674	3.1674	14.6494
NonDDR	TCGA-D8-A73U-01	NonMutant	213	3	53	1	Random	168.966	1877.67	525.943	120.132	158.222	343.792
NonDDR	TCGA-D8-A4Z1-01	NonMutant	47	0	55	1	Random	10.2654	194.53	58.513	17.4512	36.9556	70.3183
NonDDR	TCGA-OL-A6VR-01	NonMutant	38	1	107	1	Random	11.2565	36.5075	6.9973	5.1719	5.4761	16.1241
NonDDR	TCGA-AR-A24W-01	NonMutant	18	1	46	1	Random	26.4414	108.704	53.2501	4.0397	2.2035	83.3639
NonDDR	TCGA-AR-A0TY-01	NonMutant	116	5	342	1	Random	10.6417	36.1174	8.7069	4.8371	6.1271	15.4789
NonDDR	TCGA-E2-A14U-01	NonMutant	0	0	43	1	Random	10.596	90.3779	39.5793	9.3494	11.531	22.127
NonDDR	TCGA-AQ-A04L-01	NonMutant	0	0	607	1	Random	15.7106	30.5943	6.2016	21.4987	2.4806	43.8243
NonDDR	TCGA-A7-A26J-01	NonMutant	51	1	91	1	Random	34.3396	56.2944	7.5997	28.4287	8.4442	73.7457
NonDDR	TCGA-B6-A0I5-01	NonMutant	34	1	55	1	Random	4.4795	118.148	43.1156	5.5994	17.3582	18.4781
NonDDR	TCGA-D8-A1Y2-01	NonMutant	24	0	82	1	Random	33.0798	443.27	88.6539	33.4106	54.5817	174.661
NonDDR	TCGA-D8-A27P-01	NonMutant	34	0	41	1	Random	20.4886	49.6454	15.7604	1.9701	3.9401	24.0347
NonDDR	TCGA-BH-A1ES-01	NonMutant	0	0	203	1	Random	4.918	22.9508	3.2787	10.6557	0	37.7049
NonDDR	TCGA-A2-A0ES-01	NonMutant	21	1	75	1	Random	18.9468	250.766	62.7844	38.2651	18.9468	78.7592
NonDDR	TCGA-B6-A0WS-01	NonMutant	20	0	163	1	Random	37.3416	393.628	63.3779	69.2018	144.227	91.1271
NonDDR	TCGA-D8-A1JT-01	NonMutant	44	3	90	1	Random	67.0042	12.8052	1.489	13.9964	1.1912	71.1733
NonDDR	TCGA-EW-A1PD-01	NonMutant	96	5	122	1	Random	8.4396	47.9372	17.2169	3.0383	6.0765	27.3444
NonDDR	TCGA-D8-A27L-01	NonMutant	55	3	41	1	Random	37.6388	176.821	91.7953	48.1993	29.2445	94.5031
NonDDR	TCGA-A8-A096-01	NonMutant	37	3	39	1	Random	103.448	472.1	101.567	66.0397	35.3187	278.161
NonDDR	TCGA-BH-A42T-01	NonMutant	0	0	185	1	Random	4.1431	175.603	30.5952	35.6944	238.387	19.7594
NonDDR	TCGA-A2-A04V-01	NonMutant	40	4	198	1	Random	6.5186	68.4457	28.9265	4.4816	6.1112	22.4078
NonDDR	TCGA-E9-A245-01	NonMutant	23	3	58	1	Random	11.2915	33.8744	65.6316	7.7629	6.3514	17.6429
NonDDR	TCGA-A1-A0SB-01	NonMutant	17	2	65	1	Random	2.703	28.8321	54.9611	2.2525	2.703	9.01
NonDDR	TCGA-A8-A082-01	NonMutant	25	3	95	1	Random	12.4	25.2	2.4	2.4	0.8	17.6
NonDDR	TCGA-AC-A2FB-01	NonMutant	17	0	115	1	Random	94.0109	1191.67	363.076	148.148	79.0988	199.368
NonDDR	TCGA-EW-A423-01	NonMutant	93	2	172	1	Random	4.6011	218.224	71.6457	17.7471	19.719	32.2077
NonDDR	TCGA-A8-A06N-01	NonMutant	52	1	117	1	Random	33.2721	53.4649	2.2946	0.9179	2.5241	14.6856
NonDDR	TCGA-BH-A0HN	NonMutant	34	3	0	1	Random	NA	NA	NA	NA	NA	NA
NonDDR	TCGA-E9-A5UO-01	NonMutant	42	4	324	1	Random	11.4005	12.1867	0.3931	0	1.5725	4.7174
NonDDR	TCGA-LL-A7T0-01	NonMutant	80	1	227	1	Random	10.8286	318.738	58.3804	41.4313	52.7307	31.5443
NonDDR	TCGA-E2-A15J-01	NonMutant	27	0	64	1	Random	6.3604	13.7809	4.947	3.8869	4.5936	21.2014
NonDDR	TCGA-AC-A2BM-01	NonMutant	32	0	316	1	Random	21.0454	165.948	34.5006	96.2567	31.7406	49.3359
NonDDR	TCGA-EW-A1PC-01	NonMutant	0	0	311	1	Random	51.0348	37.6294	178.269	19.5202	6.1148	33.6312
NonDDR	TCGA-AC-A3YJ-01	NonMutant	40	3	63	1	Random	5.7616	81.6229	38.4108	12.9636	9.6027	12.9636
NonDDR	TCGA-C8-A1HI-01	NonMutant	75	2	211	1	Random	9.8344	100.673	16.0455	2.588	6.9876	48.3954
NonDDR	TCGA-LL-A440-01	NonMutant	9	0	81	1	Random	32.6694	140.345	38.0032	58.6716	38.3365	74.0062
NonDDR	TCGA-AN-A049-01	NonMutant	37	4	210	1	Random	11.9709	141.513	27.3621	25.2245	13.2535	57.717
NonDDR	TCGA-BH-A1FG-01	NonMutant	25	2	91	1	Random	11.2891	85.2149	15.6591	7.6475	3.2775	41.8791
NonDDR	TCGA-Z7-A8R5-01	NonMutant	35	1	51	1	Random	1.1946	311.203	148.732	32.2552	32.2552	41.2149
NonDDR	TCGA-A2-A0YD-01	NonMutant	92	3	56	1	Random	85.6752	312.747	59.264	11.273	26.4111	97.5924
NonDDR	TCGA-A1-A0SD-01	NonMutant	40	4	119	1	Random	26.7968	87.3377	13.5638	13.8946	14.2255	100.901
NonDDR	TCGA-GM-A5PV-01	NonMutant	48	1	43	1	Random	12.6833	177.963	59.453	5.9453	21.4031	27.3484
NonDDR	TCGA-E2-A15L-01	NonMutant	47	3	61	1	Random	14.0362	10.8462	0.638	12.1222	1.276	18.8213
NonDDR	TCGA-BH-A18S-01	NonMutant	39	0	177	1	Random	9.1445	74.4625	16.9827	0.9798	4.8988	13.0636
NonDDR	TCGA-D8-A1X6-01	NonMutant	44	5	52	1	Random	18.6238	86.2306	11.2253	11.4804	4.337	53.065
NonDDR	TCGA-B6-A0I8	NonMutant	162	12	0	1	Random	NA	NA	NA	NA	NA	NA
NonDDR	TCGA-C8-A1HL-01	NonMutant	37	1	223	1	Random	2.065	63.5003	18.0692	11.874	2.065	35.1058
NonDDR	TCGA-D8-A141-01	NonMutant	23	2	35	1	Random	93.6011	1050.37	237.236	128.319	123.553	204.561
NonDDR	TCGA-AN-A0AM-01	NonMutant	126	2	783	1	Random	41.144	185.845	47.7689	73.2224	75.6631	104.952
NonDDR	TCGA-C8-A26X-01	NonMutant	81	9	196	1	Random	59.2559	593.477	175.471	98.3004	91.4102	203.95
NonDDR	TCGA-B6-A0IA-01	NonMutant	42	3	153	1	Random	22.6054	18.3908	3.0651	0	2.682	11.4943
NonDDR	TCGA-BH-A8G0-01	NonMutant	20	0	47	1	Random	39.8118	267.651	79.6237	50.844	55.6406	131.907
NonDDR	TCGA-EW-A1IW-01	NonMutant	129	2	143	1	Random	15.8513	198.415	39.0817	19.1309	26.2367	74.064
NonDDR	TCGA-E9-A22A-01	NonMutant	37	2	207	1	Random	39.233	552.212	125.074	71.9764	31.2684	219.174
NonDDR	TCGA-AQ-A0Y5-01	NonMutant	70	3	329	1	Random	15.8856	11.6495	6.3542	13.4145	1.7651	99.9029
NonDDR	TCGA-BH-A0B2-01	NonMutant	0	0	141	1	Random	51.5342	737.215	140.047	49.1739	53.5012	222.659
NonDDR	TCGA-BH-A0DD-01	NonMutant	37	0	364	1	Random	39.2157	126.751	26.2605	32.9132	18.5574	70.7283
NonDDR	TCGA-D8-A27N-01	NonMutant	61	3	320	1	Random	13.2417	208.558	49.9876	12.5797	12.9107	95.3406
NonDDR	TCGA-D8-A1XY-01	NonMutant	64	2	149	1	Random	17.8453	38.6649	14.5406	30.0727	4.2961	104.098
NonDDR	TCGA-D8-A27K-01	NonMutant	24	3	43	1	Random	21.1657	253.663	43.3084	21.817	31.9114	61.8691
NonDDR	TCGA-E9-A3Q9-01	NonMutant	0	0	72	1	Random	15.6355	240.395	55.115	16.4172	15.2446	54.3333
NonDDR	TCGA-A1-A0SN-01	NonMutant	78	2	216	1	Random	34.9583	529.185	102.63	40.0898	26.9403	103.913
NonDDR	TCGA-BH-A1FH-01	NonMutant	33	3	169	1	Random	27.2467	220.141	48.9202	7.7405	9.2886	118.275
NonDDR	TCGA-BH-A1EN-01	NonMutant	86	4	226	1	Random	128.603	50.1712	10.7963	1.9052	2.8579	17.1471
NonDDR	TCGA-BH-A18R-01	NonMutant	42	3	326	1	Random	21.9911	150.669	26.7459	23.1798	7.7266	57.0579
NonDDR	TCGA-AQ-A54N-01	NonMutant	0	0	697	1	Random	0	87.4985	15.7224	16.406	41.0149	25.9761
NonDDR	TCGA-AN-A0FD-01	NonMutant	44	3	304	1	Random	27.7516	125.118	88.8993	12.2295	49.8589	90.3104
NonDDR	TCGA-A2-A259-01	NonMutant	29	2	74	1	Random	83.3618	107.624	18.352	55.3672	19.2852	139.351
NonDDR	TCGA-B6-A0WT-01	NonMutant	22	1	88	1	Random	24.2387	69.6085	13.6731	28.5892	5.5935	55.3139
NonDDR	TCGA-C8-A12N-01	NonMutant	29	4	55	1	Random	25.7986	83.0394	19.7521	23.7831	6.8528	69.737
NonDDR	TCGA-AQ-A54O-01	NonMutant	26	1	172	1	Random	3.8824	144.759	44.9251	62.1187	41.0427	31.0593
NonDDR	TCGA-C8-A1HN-01	NonMutant	72	4	699	1	Random	7.1235	63.5842	15.8301	13.4556	6.332	31.3963
NonDDR	TCGA-A2-A0T5-01	NonMutant	13	4	75	1	Random	13.8598	53.2507	12.0361	6.5651	6.2004	39.0262
NonDDR	TCGA-A7-A0CH-01	NonMutant	76	4	83	1	Random	13.0839	56.6968	7.4142	4.7974	2.1806	29.6568
NonDDR	TCGA-BH-A18N-01	NonMutant	44	3	141	1	Random	7.8929	15.0995	2.059	4.4612	0.6863	24.3651
NonDDR	TCGA-AC-A3W6-01	NonMutant	0	0	62	1	Random	16.7434	551.695	153.621	50.6488	69.4851	108.832
NonDDR	TCGA-AN-A0FK-01	NonMutant	58	2	67	1	Random	6.3273	58.8071	8.9327	2.6054	5.2108	18.2376
NonDDR	TCGA-OL-A5DA-01	NonMutant	117	1	132	1	Random	9.1364	365.456	83.8888	15.3658	41.9444	55.649
NonDDR	TCGA-BH-A0C7-01	NonMutant	62	4	191	1	Random	24.2266	153.696	29.9577	11.9831	10.1596	41.9407
NonDDR	TCGA-D8-A1JE-01	NonMutant	40	1	79	1	Random	38.1115	91.5813	24.4596	7.6792	3.413	100.683
NonDDR	TCGA-E9-A1NH-01	NonMutant	39	3	58	1	Random	32.2004	148.032	33.9893	6.2612	9.839	45.1699
NonDDR	TCGA-E9-A1NG-01	NonMutant	24	0	103	1	Random	52.9842	56.3337	9.4397	12.4848	4.5676	180.268
NonDDR	TCGA-B6-A0RM-01	NonMutant	36	4	137	1	Random	12.1813	55.338	6.6127	4.1765	6.6127	16.0097
NonDDR	TCGA-C8-A12O-01	NonMutant	50	2	159	1	Random	24.1766	221.145	45.1533	42.6646	10.3106	88.529
NonDDR	TCGA-BH-A1FB-01	NonMutant	0	0	53	1	Random	69.8562	584.972	132.962	132.668	41.6789	168.477
NonDDR	TCGA-C8-A133-01	NonMutant	34	2	67	1	Random	3.5271	18.9583	2.2045	0.4409	0.8818	22.9264
NonDDR	TCGA-OL-A5RZ-01	NonMutant	163	4	435	1	Random	2.046	37.3402	10.2302	5.1151	9.2072	6.1381
NonDDR	TCGA-BH-A1ET-01	NonMutant	38	0	78	1	Random	15.715	215.058	37.4576	16.5761	8.6109	46.4991
NonDDR	TCGA-A8-A0A2-01	NonMutant	54	3	108	1	Random	20.354	227.434	61.0619	24.1888	23.8938	81.7109
NonDDR	TCGA-AC-A3QQ-01	NonMutant	36	1	117	1	Random	5.985	188.03	96.7581	8.9776	42.394	29.9252
NonDDR	TCGA-A7-A13H-01	NonMutant	0	0	115	1	Random	55.5247	335.924	93.0038	48.9311	86.7573	187.049
NonDDR	TCGA-A2-A0EP-01	NonMutant	22	0	41	1	Random	81.3954	640.2	212.957	542.858	205.98	255.814
NonDDR	TCGA-E2-A15O-01	NonMutant	35	3	118	1	Random	14.4226	152.879	3.2966	28.8452	26.3727	21.8399
NonDDR	TCGA-A7-A13G-01	NonMutant	34	2	109	1	Random	11.8383	12.9145	4.8429	2.6905	1.3453	14.2598
NonDDR	TCGA-AC-A3EH-01	NonMutant	0	0	131	1	Random	12.4395	79.4748	19.6959	3.1099	23.8424	39.3918
NonDDR	TCGA-BH-A1EU-01	NonMutant	36	2	150	1	Random	84.6495	459.791	96.6243	74.12	40.0537	183.751
NonDDR	TCGA-B6-A0RG-01	NonMutant	89	5	192	1	Random	9.1466	47.7653	9.6547	5.0814	3.557	20.8338
NonDDR	TCGA-A8-A08Z-01	NonMutant	44	3	82	1	Random	61.0313	95.953	22.1932	9.4648	11.0966	91.7102
NonDDR	TCGA-D8-A145-01	NonMutant	51	3	56	1	Random	19.774	166.667	39.548	7.2639	31.8805	67.3931
NonDDR	TCGA-BH-A18I-01	NonMutant	33	4	134	1	Random	77.4676	253.773	63.844	83.3445	44.6107	110.592
NonDDR	TCGA-BH-AB28-01	NonMutant	94	7	62	1	Random	8.7684	147.868	43.4436	47.4293	35.8709	55.002
NonDDR	TCGA-D8-A1JS-01	NonMutant	32	1	45	1	Random	8.4006	21.6478	3.231	0.6462	1.6155	3.8772
NonDDR	TCGA-AN-A0FN-01	NonMutant	55	4	57	1	Random	45.5154	543.487	106.203	73.1618	93.728	153.741
NonDDR	TCGA-E9-A1R0-01	NonMutant	38	0	63	1	Random	26.3964	231.995	56.3123	23.7568	26.3964	66.8709
NonDDR	TCGA-A8-A08T-01	NonMutant	59	2	195	1	Random	19.9667	93.8436	20.9651	8.6522	8.6522	34.9418
NonDDR	TCGA-B6-A0X5-01	NonMutant	50	4	119	1	Random	50.0117	25.7069	2.8044	0.9348	43.4681	22.4351
NonDDR	TCGA-C8-A26Z-01	NonMutant	59	3	248	1	Random	7.7868	34.7409	14.0761	4.7919	3.5939	23.3603
NonDDR	TCGA-E9-A1RD-01	NonMutant	25	2	53	1	Random	18.7818	44.7675	9.5195	14.1506	2.0583	42.4519
NonDDR	TCGA-WT-AB41-01	NonMutant	64	1	210	1	Random	3.1546	648.265	294.953	268.927	201.893	101.735
NonDDR	TCGA-A2-A0YF-01	NonMutant	45	4	116	1	Random	18.0659	52.3379	7.7046	5.5792	2.6567	26.8332
NonDDR	TCGA-A2-A1FZ-01	NonMutant	34	2	72	1	Random	14.4808	149.359	33.9264	8.2747	14.4808	78.6098
NonDDR	TCGA-3C-AALJ-01	NonMutant	67	5	483	1	Random	9.0662	491.387	98.8214	55.3037	58.0236	62.5567
NonDDR	TCGA-AN-A0XL-01	NonMutant	46	4	81	1	Random	19.0876	97.3095	17.9648	6.3625	10.1052	46.0349
NonDDR	TCGA-A2-A3XS-01	NonMutant	0	0	223	1	Random	8.5358	183.191	197.308	48.5883	57.4524	50.2298
NonDDR	TCGA-AR-A24N-01	NonMutant	48	1	56	1	Random	17.2666	86.333	22.2417	22.2417	7.609	42.1422
NonDDR	TCGA-BH-A0BV-01	NonMutant	78	5	96	1	Random	18.0353	371.45	105.142	21.8726	18.419	72.9087
NonDDR	TCGA-AN-A0XS-01	NonMutant	33	2	66	1	Random	20.5967	402.454	98.0798	30.0778	70.9444	85.0025
NonDDR	TCGA-AC-A23G-01	NonMutant	0	0	77	1	Random	26.8895	159.884	49.4186	10.9012	26.8895	70.4942
NonDDR	TCGA-AR-A24X-01	NonMutant	37	1	67	1	Random	24.0676	198.926	36.347	14.2441	13.2618	49.1176
NonDDR	TCGA-A7-A0D9-01	NonMutant	63	0	251	1	Random	6.5871	30.4652	6.9988	6.1754	4.5286	19.7612
NonDDR	TCGA-A8-A076-01	NonMutant	97	2	208	1	Random	34.0909	86.4234	19.1388	28.4091	6.5789	69.0789
NonDDR	TCGA-A2-A0T4-01	NonMutant	41	4	119	1	Random	20.4978	343.582	103.465	33.1869	30.2587	97.1205
NonDDR	TCGA-A2-A3XZ-01	NonMutant	58	1	131	1	Random	26.878	292.901	77.5327	128.877	170.572	74.4314
NonDDR	TCGA-B6-A0IB-01	NonMutant	96	3	85	1	Random	8.7266	35.2295	11.9586	2.2624	2.5856	5.8177
NonDDR	TCGA-A8-A07R-01	NonMutant	0	0	387	1	Random	21.6086	17.407	125.45	9.0036	39.916	72.6291
NonDDR	TCGA-AN-A04A-01	NonMutant	61	1	231	1	Random	10.8543	85.4342	36.7647	10.5042	5.6022	74.2297
NonDDR	TCGA-BH-A0AY-01	NonMutant	157	5	136	1	Random	16.08	323.772	62.1469	7.3881	16.5146	66.0582
NonDDR	TCGA-AN-A0XR-01	NonMutant	39	3	140	1	Random	59.1153	24.3902	2.4804	5.3741	4.9607	29.7644
NonDDR	TCGA-A2-A4S0-01	NonMutant	0	0	55	1	Random	11.4778	34.955	3.1303	3.652	2.0869	7.304
NonDDR	TCGA-BH-A1EX-01	NonMutant	35	0	59	1	Random	27.3859	152.983	22.1921	45.0924	18.6508	102.225
NonDDR	TCGA-D8-A27H-01	NonMutant	168	4	375	1	Random	8.2171	61.9704	19.8579	11.2985	2.739	66.4213
NonDDR	TCGA-W8-A86G-01	NonMutant	37	2	106	1	Random	8.543	55.5292	20.4082	2.373	5.6953	22.3066
NonDDR	TCGA-D8-A3Z5-01	NonMutant	0	0	47	1	Random	10.877	133.923	43.8477	5.0986	20.0544	33.6506
NonDDR	TCGA-E9-A1QZ-01	NonMutant	25	2	80	1	Random	28.8624	658.366	198.087	74.4346	35.5463	100.259
NonDDR	TCGA-A8-A0AD-01	NonMutant	41	2	423	1	Random	14.8148	63.6166	4.793	7.4074	5.6645	30.5011
NonDDR	TCGA-EW-A1PF-01	NonMutant	0	0	101	1	Random	30.5865	137.459	43.5408	24.8291	20.511	67.2904
NonDDR	TCGA-C8-A134-01	NonMutant	118	6	265	1	Random	41.7196	230.834	224.269	77.5095	29.8602	167.726
NonDDR	TCGA-A8-A0AB-01	NonMutant	39	4	139	1	Random	1.5466	16.7551	4.6399	4.6399	0.7733	13.9196
NonDDR	TCGA-AN-A0FS-01	NonMutant	94	2	187	1	Random	30.1351	58.4976	18.4863	4.0518	1.0129	43.0502
NonDDR	TCGA-A1-A0SE-01	NonMutant	37	2	111	1	Random	13.8215	239.901	64.5002	4.6072	9.2143	55.2859
NonDDR	TCGA-A8-A08J-01	NonMutant	46	4	449	1	Random	23.9521	102.129	23.6194	17.6314	11.976	82.169
NonDDR	TCGA-E9-A228-01	NonMutant	55	1	300	1	Random	10.9486	127.062	5.7624	2.305	5.1862	31.6934
NonDDR	TCGA-AO-A0JA-01	NonMutant	33	3	143	1	Random	18.3583	159.576	21.8888	32.4801	28.5966	92.8508
NonDDR	TCGA-EW-A1IY-01	NonMutant	40	2	92	1	Random	56.7187	844.008	95.3777	111.744	27.0895	185.958
NonDDR	TCGA-B6-A0RP-01	NonMutant	31	0	93	1	Random	16.7292	316.412	80.7615	8.653	15.287	47.3031
NonDDR	TCGA-BH-A6R9-01	NonMutant	32	0	51	1	Random	262.215	276.873	57.4104	112.785	79.8046	469.87
NonDDR	TCGA-AN-A03Y-01	NonMutant	41	2	156	1	Random	6.7881	291.533	64.666	31.7971	26.438	43.587
NonDDR	TCGA-A1-A0SG-01	NonMutant	36	1	89	1	Random	16.2002	118.081	36.3604	10.4401	14.0401	45.3605
NonDDR	TCGA-AR-A1AM-01	NonMutant	0	0	73	1	Random	17.3181	301.123	92.2454	34.6362	30.395	54.4283
NonDDR	TCGA-GM-A2DI-01	NonMutant	93	1	65	1	Random	95.7278	1551.42	337.817	151.108	214.399	201.74
NonDDR	TCGA-D8-A1JN-01	NonMutant	208	4	91	1	Random	12.436	189.131	39.3806	15.545	15.0268	24.872
NonDDR	TCGA-E2-A2P6-01	NonMutant	193	4	147	1	Random	13.6531	56.7128	20.3046	10.5024	8.0518	34.6578
NonDDR	TCGA-AO-A125-01	NonMutant	48	1	65	1	Random	4.1629	11.7318	0	0	10.218	5.6767
NonDDR	TCGA-A2-A4RX-01	NonMutant	0	0	91	1	Random	20.794	280.403	49.7795	33.3963	44.7385	95.7782
NonDDR	TCGA-E2-A1L6-01	NonMutant	29	2	67	1	Random	28.0483	119.361	20.5688	12.1543	7.7912	49.8637
NonDDR	TCGA-AC-A3W7-01	NonMutant	0	0	71	1	Random	17.9802	152.832	47.3479	8.0911	15.8825	26.371
NonDDR	TCGA-3C-AALK-01	NonMutant	66	3	104	1	Random	12.8258	155.151	36.8225	45.0972	22.7555	44.2698
NonDDR	TCGA-EW-A1J2-01	NonMutant	43	0	85	1	Random	49.2122	323.646	65.7837	34.9005	28.8745	90.892
NonDDR	TCGA-BH-A1FL-01	NonMutant	27	3	111	1	Random	19.2304	94.5268	20.0429	8.1255	11.9174	28.981
NonDDR	TCGA-LL-A740-01	NonMutant	74	6	223	1	Random	12.9189	30.6823	8.8817	42.7937	17.3597	71.0537
NonDDR	TCGA-PL-A8LZ-01	NonMutant	137	3	238	1	Random	166.115	547.027	96.509	171.239	105.477	367.247
NonDDR	TCGA-AO-A12B-01	NonMutant	26	2	59	1	Random	13.1092	96.839	12.6863	2.1144	8.0347	14.3778
NonDDR	TCGA-D8-A1X7-01	NonMutant	32	0	66	1	Random	18.0785	34.5135	4.3827	4.3827	4.1087	27.1177
NonDDR	TCGA-AN-A041-01	NonMutant	41	2	203	1	Random	18.9243	35.8566	1.992	6.6401	2.988	44.4887
NonDDR	TCGA-AO-A1KO-01	NonMutant	10	0	49	1	Random	18.0662	195.383	58.2134	23.0846	8.364	69.2539
NonDDR	TCGA-AR-A2LN-01	NonMutant	59	2	82	1	Random	40.0501	203.032	42.8313	17.2438	23.3625	127.938
NonDDR	TCGA-E9-A1RC-01	NonMutant	56	2	205	1	Random	9.6726	8.4325	1.7361	0.248	0.9921	12.6488
NonDDR	TCGA-B6-A0X4-01	NonMutant	22	2	53	1	Random	14.758	4.1322	0.5903	1.771	0.5903	5.9032
NonDDR	TCGA-A2-A0CZ	NonMutant	28	4	0	1	Random	NA	NA	NA	NA	NA	NA
NonDDR	TCGA-BH-A8FY-01	NonMutant	63	1	76	1	Random	11.0942	22.743	3.3282	3.3282	1.1094	14.4224
NonDDR	TCGA-A8-A08O-01	NonMutant	31	2	412	1	Random	32.4898	72.0608	13.7457	4.9984	3.3323	40.8206
NonDDR	TCGA-BH-A204-01	NonMutant	54	2	179	1	Random	17.0242	119.396	1.5889	1.3619	0.681	27.0117
NonDDR	TCGA-C8-A12U-01	NonMutant	63	2	571	1	Random	18.5986	611.159	142.734	51.4706	61.4187	72.2318
NonDDR	TCGA-C8-A273-01	NonMutant	26	2	249	1	Random	9.0922	53.087	9.3855	30.2097	7.919	38.7154
NonDDR	TCGA-AC-A3HN-01	NonMutant	22	1	82	1	Random	36.6057	307.593	75.5816	30.2853	45.0329	108.5
NonDDR	TCGA-A1-A0SM-01	NonMutant	33	1	117	1	Random	15.7828	72.601	6.6288	6.3131	8.8384	70.3914
NonDDR	TCGA-A8-A06T-01	NonMutant	38	3	142	1	Random	32.8435	243.789	50.1998	32.5764	23.4978	73.4305
NonDDR	TCGA-BH-A0DO-01	NonMutant	32	3	77	1	Random	21.9138	86.1943	20.4529	2.1914	7.3046	28.1227
NonDDR	TCGA-AN-A04D-01	NonMutant	118	8	171	1	Random	5.4708	15.8365	37.1437	3.4552	3.7432	10.3657
NonDDR	TCGA-A8-A07Z-01	NonMutant	24	2	124	1	Random	31.9353	112.019	34.8831	6.8784	17.6872	20.6351
NonDDR	TCGA-A1-A0SJ-01	NonMutant	40	2	417	1	Random	10.2423	181.436	28.898	11.3397	20.1189	39.872
NonDDR	TCGA-BH-A1EW-01	NonMutant	22	0	223	1	Random	51.0424	405.823	78.3609	46.0101	52.1208	81.2365
NonDDR	TCGA-JL-A3YX-01	NonMutant	52	4	94	1	Random	5.2648	91.9789	17.6525	4.6454	6.5036	29.1112
NonDDR	TCGA-PL-A8LX-01	NonMutant	51	2	155	1	Random	6.6763	44.5087	5.7861	6.6763	4.4509	15.5781
NonDDR	TCGA-AN-A0XP-01	NonMutant	36	3	82	1	Random	57.8778	21.2219	5.4662	6.1093	4.5016	64.3087
NonDDR	TCGA-D8-A1XG-01	NonMutant	32	4	80	1	Random	21.2726	17.4049	1.1603	1.5471	3.0942	34.423
NonDDR	TCGA-E2-A1IF-01	NonMutant	24	2	38	1	Random	3.3975	109.994	33.5504	12.316	13.59	26.3307
NonDDR	TCGA-AN-A0FW-01	NonMutant	155	5	252	1	Random	5.3026	152.215	45.2277	11.8528	11.5409	32.4392
NonDDR	TCGA-BH-A42U-01	NonMutant	36	1	77	1	Random	14.0546	297.67	89.3731	43.9658	101.986	94.7787
NonDDR	TCGA-BH-A0DK-01	NonMutant	252	14	180	1	Random	34.6535	896.04	184.068	111.611	85.9586	126.913
NonDDR	TCGA-B6-A401-01	NonMutant	31	2	85	1	Random	12.6582	218.611	50.2908	49.2645	41.0537	40.0274
NonDDR	TCGA-E9-A1N3-01	NonMutant	30	1	45	1	Random	17.7725	25.1071	10.1557	1.4105	1.1284	10.4378
NonDDR	TCGA-A7-A4SA-01	NonMutant	0	0	136	1	Random	51.8549	714.936	210.178	113.639	103.158	67.3011
NonDDR	TCGA-GM-A2DD-01	NonMutant	75	2	151	1	Random	53.13	575.083	179.068	257.287	89.0419	150.043
NonDDR	TCGA-BH-A0BQ-01	NonMutant	63	0	68	1	Random	16.3329	392.923	95.6642	12.5997	39.6656	70.9315
NonDDR	TCGA-PL-A8LY-01	NonMutant	8	0	115	1	Random	0.5473	197.044	53.0925	4.9261	15.873	37.7668
NonDDR	TCGA-AC-A8OR-01	NonMutant	93	1	80	1	Random	6.917	26.6798	6.917	0.9881	3.9526	19.7628
NonDDR	TCGA-A1-A0SF-01	NonMutant	66	1	121	1	Random	14.5657	678.591	122.523	38.5563	85.6807	111.385
NonDDR	TCGA-AN-A0FF-01	NonMutant	27	2	88	1	Random	13.9873	179.258	29.815	18.0363	25.0299	40.8576
NonDDR	TCGA-B6-A0I6	NonMutant	0	0	0	1	Random	NA	NA	NA	NA	NA	NA
NonDDR	TCGA-LD-A9QF-01	NonMutant	40	1	131	1	Random	74.4004	1037.69	203.622	272.149	189.917	169.359
NonDDR	TCGA-AO-A0JI-01	NonMutant	23	1	140	1	Random	40.8936	164.332	12.4953	6.0583	10.602	35.5926
NonDDR	TCGA-BH-A1FR-01	NonMutant	17	0	81	1	Random	11.258	168.869	43.0739	4.8948	16.6422	28.8791
NonDDR	TCGA-C8-A12X-01	NonMutant	71	1	126	1	Random	8.6331	84.1727	19.4245	3.5971	12.9496	55.3957
NonDDR	TCGA-A8-A09C-01	NonMutant	47	0	251	1	Random	5.3538	33.9074	4.9969	6.4246	4.9969	14.2768
NonDDR	TCGA-E9-A22B-01	NonMutant	77	1	166	1	Random	25.5516	162.572	20.4413	20.4413	8.9431	113.066
NonDDR	TCGA-EW-A1PG-01	NonMutant	13	2	38	1	Random	148.066	82.8729	17.1271	5.5249	3.3149	97.7901
NonDDR	TCGA-LL-A50Y-01	NonMutant	47	3	75	1	Random	14.1934	132.81	51.1976	19.7694	19.2625	15.7141
NonDDR	TCGA-A2-A0EV-01	NonMutant	82	1	170	1	Random	31.5789	251.228	55.0877	37.5439	15.4386	89.4737
NonDDR	TCGA-AN-A03X-01	NonMutant	51	3	116	1	Random	2.5514	103.971	25.5143	3.8271	10.2057	26.1521
NonDDR	TCGA-A2-A0CU-01	NonMutant	60	4	171	1	Random	23.2913	89.7289	14.8912	7.6365	4.9637	21.764
NonDDR	TCGA-B6-A0IC-01	NonMutant	45	4	94	1	Random	4.3238	2.8825	0.4804	0.4804	0.7206	2.1619
NonDDR	TCGA-EW-A1IX-01	NonMutant	44	0	102	1	Random	27.1005	102.176	23.4383	26.368	8.7893	68.4837
NonDDR	TCGA-E2-A1LS	NonMutant	84	6	0	1	Random	NA	NA	NA	NA	NA	NA
NonDDR	TCGA-A2-A0CT-01	NonMutant	124	2	168	1	Random	11.2876	41.388	18.8127	4.1806	20.0669	25.0836
NonDDR	TCGA-C8-A137-01	NonMutant	63	1	334	1	Random	1.5932	18.5874	7.966	9.5592	2.6553	23.367
NonDDR	TCGA-D8-A1XV-01	NonMutant	37	1	35	1	Random	9.7888	15.9711	0.5152	3.0912	0	11.3344
NonDDR	TCGA-EW-A1P3-01	NonMutant	28	2	94	1	Random	5.5741	105.351	20.6243	17.2798	29.5429	18.3946
NonDDR	TCGA-BH-A0EA-01	NonMutant	33	0	59	1	Random	15.3128	139.73	52.1593	2.8712	15.3128	61.2513
NonDDR	TCGA-C8-A3M8-01	NonMutant	63	5	156	1	Random	5.6	69.3333	9.6	3.4667	4.2667	14.9333
NonDDR	TCGA-AO-A1KQ-01	NonMutant	0	0	187	1	Random	19.0267	698.622	189.779	57.0801	31.7112	62.9345
NonDDR	TCGA-AC-A4ZE-01	NonMutant	78	2	147	1	Random	13.1148	263.976	46.4061	7.7343	47.7512	18.8314
NonDDR	TCGA-AN-A0AL-01	NonMutant	106	10	176	1	Random	10.0644	112.319	27.3752	57.1659	55.5556	91.3849
NonDDR	TCGA-E9-A3QA-01	NonMutant	66	0	153	1	Random	183.915	535.848	188.279	273.067	157.731	462.594
NonDDR	TCGA-BH-A28Q-01	NonMutant	28	2	92	1	Random	14.392	117.408	26.5116	6.8173	8.5847	49.4882
NonDDR	TCGA-E9-A22D-01	NonMutant	42	2	396	1	Random	304.976	3009.28	974.736	160.866	269.657	199.536
NonDDR	TCGA-E9-A1NI-01	NonMutant	35	8	131	1	Random	11.9917	39.1032	6.2565	12.513	6.2565	78.2065
NonDDR	TCGA-E2-A1IK-01	NonMutant	20	2	25	1	Random	11.1111	292.778	98.3333	41.6667	23.3333	38.8889
NonDDR	TCGA-BH-A209-01	NonMutant	130	3	275	1	Random	92.335	1290.62	304.824	194.436	85.2323	252.442
NonDDR	TCGA-AO-A12A-01	NonMutant	21	0	65	1	Random	42.9887	327.192	75.7421	13.6472	23.8826	51.8594
NonDDR	TCGA-3C-AAAU-01	NonMutant	48	2	313	1	Random	12.7524	18.6116	6.2039	2.4126	5.1699	11.7184
NonDDR	TCGA-E9-A244-01	NonMutant	129	5	361	1	Random	5.5537	162.692	109.115	23.5217	6.5338	68.2783
DDRNM	TCGA-E9-A22G-01	Mutant	121	7	354	1	APLF	26.1214	55.6635	23.9446	32.6518	10.262	109.772
DDRNM	TCGA-S3-A6ZF-01	Mutant	57	3	188	1	APEX2	30.8804	206.964	75.887	54.862	31.866	55.5191
DDRNM	TCGA-BH-A18M-01	Mutant	22	0	63	1	LIG3	28.6503	153.904	34.16	5.5097	8.4482	59.1373
DDRNM	TCGA-C8-A274-01	Mutant	290	7	99	1	APEX2	14.3825	37.8924	14.9357	10.7869	4.9786	37.0626
DDRNM	TCGA-BH-A18J-01	Mutant	112	1	384	1	APLF	13.9785	16.0753	5.9409	13.6291	9.0861	66.3981
DDRNM	TCGA-A8-A0A1-01	Mutant	59	3	99	1	MUTYH	132.028	278.112	50.7028	111.446	15.5622	387.048
DDRNM	TCGA-C8-A12M-01	Mutant	85	4	483	1	NEIL1	16.0929	227.446	23.0665	24.6758	21.4572	37.5501
DDRNM	TCGA-C8-A131-01	Mutant	78	6	100	1	NTHL1	11.5496	132.82	26.949	16.8431	13.9557	80.847
DDRNM	TCGA-C8-A1HM-01	Mutant	459	2	252	1	NEIL1	157.671	1752.37	395.833	164.299	297.349	295.928
DDRNM	TCGA-D8-A140-01	Mutant	141	8	470	1	PNKP	42.3862	310.832	39.6389	60.0471	20.4082	84.7724
DDRNM	TCGA-BH-A208-01	Mutant	86	2	142	1	XRCC1	13.5091	145.114	43.142	27.454	6.9724	79.7472
DDRNM	TCGA-AC-A8OS-01	Mutant	81	4	67	1	APEX1	34.2406	421.861	92.1861	40.3863	39.0694	71.115
DDRNM	TCGA-E2-A1IH-01	Mutant	86	3	221	1	APLF	24.6083	947.912	152.9	119.432	50.8572	172.586
DDRNM	TCGA-C8-A275-01	Mutant	145	1	204	1	XRCC1	76.1989	438.07	81.2004	147.396	70.0206	147.396
DDRNM	TCGA-BH-A18L-01	Mutant	71	1	150	1	LIG3	12.7168	49.422	10.4046	3.1792	8.6705	27.4566
DDRNM	TCGA-C8-A8HQ-01	Mutant	375	4	184	1	MBD4	39.3103	369.31	75.5172	77.2414	49.3103	122.414
DDRNM	TCGA-A8-A0A7-01	Mutant	303	1	133	1	TDG	101.688	2380.05	828.426	121.319	173.93	404.005
DDRNM	TCGA-B6-A0IJ-01	Mutant	175	2	336	1	APEX2	43.725	555.252	123.327	100.904	155.84	128.653
DDRNM	TCGA-D8-A1J9-01	Mutant	278	2	301	1	HMCES	14.9137	62.0094	9.4192	30.6122	6.5411	114.076
DDRNM	TCGA-EW-A1PB-01	Mutant	187	5	318	1	ATRX	772.592	770.978	190.405	85.8436	465.685	413.727
DDRNM	TCGA-D8-A1JL-01	Mutant	134	2	166	1	ATRX	138.361	499.419	118.071	158.895	84.3366	305.079
DDRNM	TCGA-BH-A18K-01	Mutant	74	3	149	1	ATRX	5.6662	86.7641	19.4776	4.9579	3.8955	43.5591
DDRNM	TCGA-BH-A18U-01	Mutant	182	6	524	1	ATRX	33.7671	72.1069	11.2557	53.8164	23.2149	108.688
DDRNM	TCGA-BH-A1F8-01	Mutant	193	4	218	1	CHAF1A	14.4676	176.794	25.463	11.5741	22.8588	73.4954
DDRNM	TCGA-A8-A06O-01	Mutant	82	8	162	1	BLM	26.8548	120.337	24.8152	36.033	10.198	64.2475
DDRNM	TCGA-A8-A07E-01	Mutant	77	3	155	1	ATM	17.192	304.298	106.59	12.894	25.5014	116.619
DDRNM	TCGA-A7-A4SE-01	Mutant	306	15	348	1	BLM	21.7031	61.5899	18.1837	36.3674	15.8374	66.2825
DDRNM	TCGA-UL-AAZ6-01	Mutant	147	3	580	1	RECQL4	7.186	32.7363	5.5891	10.3798	10.3798	52.6975
DDRNM	TCGA-EW-A1J6-01	Mutant	44	3	275	1	ATM	19.0802	289.837	57.6948	127.655	31.8003	119.478
DDRNM	TCGA-D8-A1Y1-01	Mutant	248	44	85	1	WRN	10.9419	40.2983	9.8744	6.9388	6.6719	80.5966
DDRNM	TCGA-A2-A0T7-01	Mutant	30	3	167	1	ATM	19.3544	255.073	73.0844	22.2431	15.599	74.8177
DDRNM	TCGA-B6-A0RL-01	Mutant	72	3	230	1	ATM	6.4615	138.462	0.6154	2.7692	10.7692	2.7692
DDRNM	TCGA-GM-A2DH-01	Mutant	234	7	185	1	ATM	128.031	673.533	189.57	212.777	76.1408	124.12
DDRNM	TCGA-AN-A0FL-01	Mutant	209	9	536	1	DNTT	4.6062	17.0428	14.7398	4.1456	1.8425	20.7278
DDRNM	TCGA-E2-A158-01	Mutant	126	7	409	1	POLD1	29.4748	104.533	8.911	21.592	7.8828	98.7062
DDRNM	TCGA-D8-A13Y-01	Mutant	85	7	253	1	POLB	6.2059	25.5536	606.716	0.7301	44.1712	15.3322
DDRNM	TCGA-A8-A0A4-01	Mutant	40	1	147	1	REV3L	26.9852	98.3654	26.55	3.0467	3.0467	67.463
DDRNM	TCGA-A1-A0SO-01	Mutant	368	18	555	1	POLD4	6.2181	87.3241	6.2181	13.5177	4.8664	28.3871
DDRNM	TCGA-D8-A1JU-01	Mutant	20	1	60	1	POLA1	24.055	299.906	77.4758	24.055	20.931	130.272
DDRNM	TCGA-BH-A18P-01	Mutant	439	5	88	1	POLQ	41.7468	135.86	32.2256	24.1692	12.0846	51.6342
DDRNM	TCGA-S3-AA12-01	Mutant	68	4	136	1	POLQ	21.0682	80.8432	6.3695	8.3293	6.8594	22.5381
DDRNM	TCGA-A8-A08H-01	Mutant	175	3	71	1	POLL	37.8661	232.543	50.7852	42.321	16.0374	144.782
DDRNM	TCGA-A2-A0D3-01	Mutant	35	4	59	1	POLI	24.1818	315.331	53.5225	17.4109	40.6255	37.4013
DDRNM	TCGA-B6-A0X0-01	Mutant	27	1	51	1	POLG	5.4348	109.903	30.7971	1.2077	6.0386	10.2657
DDRNM	TCGA-A8-A06Q-01	Mutant	318	4	591	1	PRIMPOL	9.9201	31.1381	9.0934	2.48	3.5823	22.0446
DDRNM	TCGA-BH-A0DZ-01	Mutant	779	0	207	1	POLQ	39.8305	152.542	48.3051	11.0169	17.7966	120.339
DDRNM	TCGA-C8-A138-01	Mutant	56	3	243	1	REV3L	32.3616	1406.96	320.534	81.6746	80.1336	160.781
DDRNM	TCGA-C8-A8HR-01	Mutant	64	0	75	1	POLG	20.0808	388.082	116.992	55.4404	51.5115	106.079
DDRNM	TCGA-AC-A2FG-01	Mutant	39	3	74	1	REV3L	17.6211	117.647	41.2024	3.1096	6.2192	73.8533
DDRNM	TCGA-A8-A09W-01	Mutant	116	3	193	1	POLE	7.9673	111.542	29.7725	7.548	1.6773	61.2224
DDRNM	TCGA-BH-A0E2-01	Mutant	61	3	427	1	POLE	23.5479	268.838	66.719	11.3815	18.0534	85.1648
DDRNM	TCGA-B6-A0X1-01	Mutant	93	6	574	1	REV3L	63.5956	511.483	125.561	72.836	95.1216	119.582
DDRNM	TCGA-E9-A5FL-01	Mutant	142	3	100	1	POLE	7.1059	46.5116	10.9819	29.0698	12.9199	32.2997
DDRNM	TCGA-A2-A04U-01	Mutant	68	3	1602	1	POLD1	2.5977	91.96	12.9887	75.3345	5.1955	24.9383
DDRNM	TCGA-C8-A12K-01	Mutant	178	6	289	1	POLA1	121.53	918.877	252.005	114.436	88.5256	392.659
DDRNM	TCGA-BH-A0AZ-01	Mutant	74	6	145	1	DNA2	19.6454	200.767	58.4571	6.7082	10.5414	90.0815
DDRNM	TCGA-S3-AA10-01	Mutant	219	11	247	1	EXO1	145.045	858.358	201.191	291.365	279.881	251.808
DDRNM	TCGA-AN-A0FZ-01	Mutant	95	2	440	1	APTX	2.0128	19.6251	5.0321	1.258	1.0064	19.3735
DDRNM	TCGA-A2-A1G4-01	Mutant	41	4	135	1	FAN1	15.8959	128.537	24.1178	9.0442	11.5108	24.3919
DDRNM	TCGA-AN-A0AT-01	Mutant	144	9	481	1	BRCA2	24.5027	188.239	70.9138	38.3396	52.1764	77.544
DDRNM	TCGA-C8-A1HO-01	Mutant	50	1	184	1	RAD51C	51.5114	97.1622	12.3381	10.7958	7.4028	61.3819
DDRNM	TCGA-S3-AA0Z-01	Mutant	78	2	271	1	FANCB	44.1932	194.245	70.9147	64.063	62.0075	69.2018
DDRNM	TCGA-AO-A124-01	Mutant	184	10	585	2	BRCA2:FANCG	16.8921	108.51	545.415	22.9046	32.3527	151.743
DDRNM	TCGA-D8-A1JP-01	Mutant	142	6	241	1	BRCA2	10.0865	246.398	134.966	30.2594	30.2594	122.959
DDRNM	TCGA-E2-A15T-01	Mutant	41	1	158	1	FANCD2	24.4687	91.6007	8.7836	6.9014	6.9014	13.8028
DDRNM	TCGA-AR-A250-01	Mutant	158	7	221	1	FANCE	41.1148	170.806	29.8013	87.7483	19.5916	169.702
DDRNM	TCGA-BH-A1F2-01	Mutant	72	3	187	1	SLX4	5.8087	51.6665	8.5601	1.5286	2.4458	56.558
DDRNM	TCGA-A2-A0SU-01	Mutant	37	6	87	1	BRCA2	6.0267	198.45	61.1279	18.0801	9.901	71.0288
DDRNM	TCGA-GM-A3NW-01	Mutant	99	1	132	1	FANCG	8.8692	135.255	18.847	16.9993	32.5203	47.6718
DDRNM	TCGA-A7-A13E-01	Mutant	145	11	168	1	FANCD2	7.6866	154.158	206.256	12.3839	5.1244	49.5356
DDRNM	TCGA-B6-A0I1-01	Mutant	91	1	271	1	FANCD2	2.5865	50.4365	134.497	5.8196	0.9699	11.9625
DDRNM	TCGA-A8-A085-01	Mutant	83	4	187	1	BRCA2	2.4181	0	0.2418	0.2418	0.7254	13.5413
DDRNM	TCGA-BH-A203-01	Mutant	104	2	475	1	PALB2	18.6413	248.073	63.8107	116.15	17.2074	70.622
DDRNM	TCGA-LL-A6FQ-01	Mutant	71	2	300	1	FANCD2	0.471	37.6825	18.8413	9.8917	50.8714	23.0805
DDRNM	TCGA-E2-A14W-01	Mutant	108	20	231	1	BRCA2	3.3541	38.8117	34.9784	1.4375	0.4792	20.6037
DDRNM	TCGA-A2-A0T2-01	Mutant	36	7	220	1	FANCF	5.35	272.403	96.7454	47.704	21.3999	77.1288
DDRNM	TCGA-E9-A54Y-01	Mutant	63	3	140	1	BRCA2	2.9621	30.8057	7.7014	7.7014	12.4408	14.8104
DDRNM	TCGA-A2-A04X-01	Mutant	52	2	247	1	FANCM	49.7432	464.63	98.7654	124.358	90.4749	130.846
DDRNM	TCGA-C8-A12T-01	Mutant	214	0	195	1	BRCA2	19.1115	138.225	35.1119	33.3341	21.3338	117.78
DDRNM	TCGA-E9-A3HO-01	Mutant	78	8	194	1	BRCA2	18.0596	305.754	63.8387	33.1793	45.3591	44.0991
DDRNM	TCGA-A8-A09I-01	Mutant	190	5	382	1	FANCA	67.0805	296.956	48.6584	75.2903	47.0565	141.97
DDRNM	TCGA-EW-A1J5-01	Mutant	543	2	107	1	RBBP8	64.7368	613.947	115.526	152.632	64.7368	181.579
DDRNM	TCGA-BH-A0WA-01	Mutant	118	4	234	1	BRCA1	31.4714	158.725	45.1546	29.761	18.1302	131.359
DDRNM	TCGA-BH-A2L8-01	Mutant	636	1	36	1	BRCA1	33.3819	1035.2	220.751	118.093	115.221	103.735
DDRNM	TCGA-BH-A1FU-01	Mutant	119	0	89	1	RAD54B	32.9147	194.457	38.1117	29.0169	28.1507	87.0507
DDRNM	TCGA-A7-A26H-01	Mutant	152	4	79	1	BRCA1	25.0653	203.133	55.0914	37.3368	50.1305	86.1619
DDRNM	TCGA-E2-A14Q-01	Mutant	40	3	117	1	RAD54B	22.5689	241.952	67.0428	12.2801	20.9094	33.8533
DDRNM	TCGA-BH-A0BM-01	Mutant	73	4	53	1	RAD54B	12.7389	118.471	24.2038	7.6433	10.828	61.1465
DDRNM	TCGA-E9-A1NC-01	Mutant	89	5	209	1	BRCA1	32.1846	445.851	244.697	106.02	93.2406	146.251
DDRNM	TCGA-AC-A2FO-01	Mutant	30	2	126	1	MUS81	36.0745	463.925	128.006	38.4019	51.2025	125.291
DDRNM	TCGA-A1-A0SQ-01	Mutant	38	2	144	1	XRCC2	9.6823	64.9521	16.5406	3.6309	10.8926	25.8195
DDRNM	TCGA-AO-A1KR-01	Mutant	90	4	353	1	BRCA1	2.6756	276.254	70.2341	84.9498	113.712	16.0535
DDRNM	TCGA-D8-A27M-01	Mutant	99	2	190	1	BRCA1	201.355	449.2	114.84	156.404	57.8818	352.525
DDRNM	TCGA-C8-A12W-01	Mutant	82	1	235	1	RAD54B	31.0747	117.825	21.148	14.6741	22.8744	51.7911
DDRNM	TCGA-AR-A0U4-01	Mutant	206	6	320	1	BRCA1	60.4603	125.386	18.2068	66.9873	46.0323	264.857
DDRNM	TCGA-E2-A1BC-01	Mutant	93	4	79	1	MUS81	18.2975	67.6213	7.1599	10.3421	3.9777	51.7104
DDRNM	TCGA-D8-A1JK-01	Mutant	257	26	337	1	RAD54B	62.4181	324.955	63.8475	57.1769	106.254	243.478
DDRNM	TCGA-AN-A0XU-01	Mutant	142	11	487	1	BRCA1	42.3846	220.193	408.684	40.6616	72.7085	95.1068
DDRNM	TCGA-A1-A0SH-01	Mutant	140	3	135	1	BRCA1	11.918	60.3125	14.8073	6.1396	7.9454	65.7298
DDRNM	TCGA-AC-A6IW-01	Mutant	248	3	302	1	RAD54B	50.373	629.502	377.637	242.56	172.295	122.243
DDRNM	TCGA-AN-A0XV-01	Mutant	46	3	208	1	RAD54L	19.5258	223.152	34.5188	49.8605	36.6109	81.59
DDRNM	TCGA-C8-A8HP-01	Mutant	275	1	206	1	PMS1	26.1279	394.957	124.563	163.451	120.31	126.386
DDRNM	TCGA-D8-A1XU-01	Mutant	38	2	132	1	MSH5	12.8977	86.8444	32.9607	22.9292	14.0441	57.323
DDRNM	TCGA-E9-A1ND-01	Mutant	108	5	205	1	PMS1	106.446	785.104	155.921	220.888	241.878	269.364
DDRNM	TCGA-BH-A0HA-01	Mutant	406	64	74	1	MLH1	21.3383	333.99	102.053	67.262	47.7792	104.836
DDRNM	TCGA-EW-A1OV-01	Mutant	142	2	117	1	MSH5	81.7511	1591.24	342.3	122.89	237.869	251.055
DDRNM	TCGA-C8-A1HE-01	Mutant	57	1	91	1	MLH1	11.7891	80.9163	21.1669	8.5739	8.8419	24.1141
DDRNM	TCGA-AN-A0AJ-01	Mutant	112	6	468	1	PMS1	52.3364	396.86	103.776	93.0093	69.0841	183.028
DDRNM	TCGA-AN-A0AR-01	Mutant	149	12	611	1	MLH3	3.9672	27.049	10.4589	8.295	7.9344	16.59
DDRNM	TCGA-AR-A256-01	Mutant	229	16	674	1	RAD23A	22.7828	74.8576	158.887	32.8427	6.2135	53.8501
DDRNM	TCGA-AO-A03O-01	Mutant	99	4	661	1	ERCC6	48.9083	173.799	49.7817	67.2489	55.4585	106.114
DDRNM	TCGA-EW-A6SA-01	Mutant	128	1	266	1	ERCC4	1.8623	59.5949	4.0351	0.6208	1.552	3.4143
DDRNM	TCGA-Z7-A8R6-01	Mutant	111	6	163	1	RPA2	16.007	79.3388	15.659	17.7468	12.1792	34.1018
DDRNM	TCGA-A8-A09N-01	Mutant	102	4	458	1	CDK7	10.4735	185.904	32.7297	15.2738	17.0194	45.8215
DDRNM	TCGA-B6-A0IP-01	Mutant	57	2	61	1	MMS19	17.3666	170.025	47.338	10.6441	20.1677	24.3693
DDRNM	TCGA-B6-A0RO-01	Mutant	43	4	129	1	DDB1	0.8972	62.8037	226.393	4.486	37.0841	12.2617
DDRNM	TCGA-A2-A04W-01	Mutant	189	1	394	1	MMS19	7.0242	65.9192	16.2096	13.508	11.8871	17.2903
DDRNM	TCGA-C8-A132-01	Mutant	86	2	220	1	ERCC1	58.3012	737.838	157.529	79.9228	65.6371	138.224
DDRNM	TCGA-A7-A6VV-01	Mutant	68	2	543	1	PRKDC	26.1414	65.7268	31.3696	44.0668	31.3696	99.7106
DDRNM	TCGA-C8-A12Q-01	Mutant	142	4	369	1	XRCC6	37.6147	131.95	26.2706	22.0912	14.9265	69.856
DDRNM	TCGA-E9-A1NF-01	Mutant	67	4	313	1	PRKDC	19.1937	145.501	23.5278	37.7683	11.1448	217.942
DDRNM	TCGA-B6-A0RQ-01	Mutant	56	1	64	1	TP53BP1	13.0026	86.065	20.1231	3.4054	5.5726	16.7177
DDRNM	TCGA-A2-A0D0-01	Mutant	109	5	565	1	TP53	28.0066	334.432	53.9539	42.0099	79.4893	58.0725
DDRNM	TCGA-C8-A12L-01	Mutant	92	10	441	1	TP53	132.964	72.8136	16.2248	29.2837	34.4282	69.2521
DDRNM	TCGA-C8-A1HJ-01	Mutant	127	8	361	1	TP53	16.8067	180.322	109.944	103.641	6.3025	61.6246
DDRNM	TCGA-AR-A0TV-01	Mutant	79	4	358	1	TP53	49.3431	448.288	83.6384	68.2405	109.185	131.932
DDRNM	TCGA-C8-A1HG-01	Mutant	73	2	332	1	TP53	14.6628	888.563	195.015	115.836	86.5103	137.097
DDRNM	TCGA-AN-A0XT-01	Mutant	22	0	227	1	TP53	11.648	62.1225	12.9422	3.8827	8.6281	24.1588
DDRNM	TCGA-AC-A8OQ-01	Mutant	148	1	460	1	TP53	34.3961	388.941	100.543	149.226	122.768	100.543
DDRNM	TCGA-LD-A74U-01	Mutant	360	1	46	1	TP53	25.7406	185.495	51.4811	16.7518	20.8376	69.0501
DDRNM	TCGA-E2-A155-01	Mutant	82	4	231	2	ATR:TP53	9.8759	88.3187	9.0294	5.079	5.079	15.5193
DDRNM	TCGA-A1-A0SP-01	Mutant	72	3	327	1	TP53	18.9712	119.299	18.2415	57.2784	23.3491	133.163
DDRNM	TCGA-LD-A7W5-01	Mutant	69	1	316	1	TP53	25.9699	669.766	160.308	141.712	205.515	97.7878
DDRNM	TCGA-A2-A0CW-01	Mutant	89	4	419	1	TP53	33.0507	154.62	36.7869	36.4995	26.1532	68.9754
DDRNM	TCGA-A7-A4SD-01	Mutant	138	8	434	1	TP53	83.5821	490.05	88.5572	136.318	147.264	136.318
DDRNM	TCGA-E9-A1RB-01	Mutant	41	2	198	1	TP53	8.5848	44.7451	7.2841	21.3319	4.6826	39.0219
DDRNM	TCGA-B6-A0RS-01	Mutant	200	5	400	1	TP53	35.3535	492.424	114.268	76.7045	35.0379	88.6995
DDRNM	TCGA-BH-A1F6-01	Mutant	54	4	423	1	TP53	44.3187	379.538	1820.84	47.619	19.3305	149.458
DDRNM	TCGA-E2-A1B6-01	Mutant	61	2	61	1	TP53	28.1124	1125.17	1076.31	420.571	198.572	145.694
DDRNM	TCGA-D8-A143-01	Mutant	63	7	149	1	TP53	24.589	160.017	74.1452	34.4245	38.5858	62.0398
DDRNM	TCGA-BH-A1F0-01	Mutant	100	1	143	1	TP53	129.046	635.337	225.185	167.975	141.951	340.467
DDRNM	TCGA-LL-A73Y-01	Mutant	197	2	200	1	TP53	34.1725	148.323	107.607	192.675	50.1681	89.0666
DDRNM	TCGA-EW-A1OZ-01	Mutant	77	2	532	1	TP53	10.6906	87.2489	20.6914	67.2472	19.6569	87.5938
DDRNM	TCGA-AN-A0FJ-01	Mutant	125	4	709	1	TP53	7.8031	108.043	21.0084	43.8175	10.8043	64.8259
DDRNM	TCGA-A2-A0CM-01	Mutant	71	5	386	2	TP53:MGMT	180.455	731.049	163.378	164.763	68.7666	164.763
DDRNM	TCGA-C8-A1HF-01	Mutant	42	1	186	1	TP53	26.73	767.746	151.767	110.187	121.77	186.813
DDRNM	TCGA-B6-A409-01	Mutant	56	2	194	1	TP53	4.1335	90.62	27.9809	22.2576	16.8521	35.93
DDRNM	TCGA-OL-A97C-01	Mutant	83	13	122	1	SPRTN	17.5557	467.252	105.334	276.165	93.8555	35.1114
DDRNM	TCGA-D8-A1JF-01	Mutant	51	5	166	1	TP53	14.7837	176.245	33.9155	18.5521	8.1165	65.8019
DDRNM	TCGA-A7-A56D-01	Mutant	464	8	323	1	TP53	8.0107	39.3858	34.0454	58.0774	15.3538	89.4526
DDRNM	TCGA-C8-A12P-01	Mutant	205	5	547	1	TP53	70.3095	99.7325	22.5449	31.7157	12.992	106.993
DDRNM	TCGA-C8-A27A-01	Mutant	41	0	482	1	TP53	15.0156	198.002	9.1621	30.2857	4.581	41.7382
DDRNM	TCGA-EW-A6S9-01	Mutant	50	1	253	1	TP53	37.8585	43.5946	8.7954	13.7667	9.1778	66.1568
DDRNM	TCGA-D8-A142-01	Mutant	168	5	231	1	TP53	22.3108	193.36	48.6056	37.9814	13.5458	101.992
DDRNM	TCGA-AN-A0XN-01	Mutant	184	9	541	1	TP53	40.8468	107.098	17.9328	19.9253	10.9589	159.402
DDRNM	TCGA-E2-A1LG-01	Mutant	220	2	239	2	TP53:TOPBP1	37.4693	75.2457	195.946	27.027	28.2555	32.8624
DDRNM	TCGA-AO-A12G-01	Mutant	45	6	149	1	TP53	16.8	169.2	28.4	7.6	9.2	46.8
DDRNM	TCGA-BH-A18T-01	Mutant	109	2	625	1	TP53	25.4395	126.599	38.9075	48.4848	15.8623	44.8933
DDRNM	TCGA-A2-A4S3-01	Mutant	112	2	228	1	TP53	19.9032	271.651	73.6955	82.3023	115.116	61.8612
DDRNM	TCGA-AR-A1AH-01	Mutant	124	7	298	1	TP53	4.3599	19.7872	4.3599	5.366	2.0123	8.3844
DDRNM	TCGA-B6-A0RH-01	Mutant	47	3	210	1	TP53	22.0083	165.062	30.6052	17.8817	6.5337	64.6492
DDRNM	TCGA-AR-A1AI-01	Mutant	90	2	323	1	TP53	77.2634	655.208	118.448	115.044	119.129	235.194
DDRNM	TCGA-EW-A1P8-01	Mutant	39	3	201	1	TP53	11.828	116.129	30.4659	43.0108	24.0143	86.3799
DDRNM	TCGA-BH-A1FN-01	Mutant	153	5	432	1	TP53	41.3297	37.9261	30.1464	16.5319	5.3486	120.586
DDRNM	TCGA-E2-A14Y-01	Mutant	109	5	185	1	TP53	16.9402	23.2927	11.6464	24.3515	2.1175	33.351
DDRNM	TCGA-BH-A5J0-01	Mutant	106	3	306	1	TP53	12.975	297.498	108.897	78.3133	70.899	116.775
DDRNM	TCGA-C8-A135-01	Mutant	83	4	205	1	TP53	14.7465	542.857	108.756	14.2857	17.9724	56.682
DDRNM	TCGA-AQ-A04J-01	Mutant	103	3	194	1	TP53	17.7721	382.101	161.853	103.142	56.8074	121.866
DDRNM	TCGA-A8-A081-01	Mutant	155	6	291	1	TP53	48.3745	675.423	140.702	61.8986	47.5943	113.914
DDRNM	TCGA-AC-A7VC-01	Mutant	28	1	84	1	TP53	4.3707	33.0923	3.1219	3.7463	7.4926	19.3559
DDRNM	TCGA-AR-A24P-01	Mutant	24	2	44	1	TP53	24.8807	95.4723	14.4655	20.2517	6.6541	55.8368
DDRNM	TCGA-C8-A278-01	Mutant	56	1	175	1	TP53	86.7178	301.685	71.7665	133.898	41.8638	256.499
DDRNM	TCGA-E9-A1N5-01	Mutant	40	3	81	1	TP53	31.5483	488.998	124.714	21.6894	37.4636	85.7719
DDRNM	TCGA-A8-A06U-01	Mutant	96	2	886	1	TP53	22.5593	204.201	80.9024	51.7308	18.6698	90.2373
DDRNM	TCGA-A1-A0SK-01	Mutant	85	3	314	2	NABP2:TP53	3.4668	45.0678	91.081	0.6303	12.2912	16.0731
DDRNM	TCGA-AC-A5EI-01	Mutant	47	4	94	1	PRPF19	NA	NA	NA	NA	NA	NA
DDRNM	TCGA-B6-A0WX-01	Mutant	48	0	201	1	TP53	10.9977	309.452	86.0852	60.2976	40.5776	60.2976
DDRNM	TCGA-D8-A1XF-01	Mutant	56	0	148	1	RAD1	12.2303	319.036	3.4944	8.7359	7.6876	20.6168
DDRNM	TCGA-BH-A1FE-01	Mutant	27	2	325	1	TP53	59.794	631.607	165.107	82.688	26.6649	162.413
DDRNM	TCGA-AN-A0AS-01	Mutant	50	2	245	2	TP53:RAD17	6.7583	71.6378	22.5276	11.2638	8.5605	40.0991
DDRNM	TCGA-E9-A1N9-01	Mutant	74	0	386	1	TP53	10.4574	199.145	55.9243	30.0082	16.8228	45.0123
DDRNM	TCGA-BH-A0BL-01	Mutant	136	7	249	2	TP53:TOPBP1	74.1655	364.444	65.3507	105.169	81.7644	247.725
DDRNM	TCGA-BH-A1EY-01	Mutant	57	1	371	1	TP53	39.4957	197.966	49.7353	108.735	46.8097	126.776
DDRNM	TCGA-E2-A152-01	Mutant	174	1	140	2	RIF1:TP53	18.601	66.8843	12.2687	24.1417	6.728	79.5488
DDRNM	TCGA-BH-A0BF-01	Mutant	35	2	171	1	TP53	82.4425	1023.6	223.442	180.68	111.721	340.557
DDRNM	TCGA-A2-A3XX-01	Mutant	53	2	185	1	TP53	8.5682	164.168	152.857	85.3397	54.494	54.1513
DDRNM	TCGA-OL-A5D6-01	Mutant	59	3	150	1	TP53	6.6632	66.1199	25.6279	39.4669	18.9646	47.6679
DDRNM	TCGA-A8-A09X-01	Mutant	72	2	138	1	TP53	46.3624	670.185	161.855	58.367	50.9159	185.036
DDRNM	TCGA-E9-A1N8-01	Mutant	40	3	225	1	TP53	25.8337	73.2738	11.7426	7.5153	16.4396	57.3039
DDRNM	TCGA-D8-A1XT-01	Mutant	46	2	329	1	TP53	25.6631	74.8727	20.6363	32.0127	13.493	146.835
DDRNM	TCGA-BH-A1FD-01	Mutant	43	1	463	1	TP53	72.2158	29.5824	8.1206	34.8028	5.5104	92.5174
DDRNM	TCGA-C8-A12V-01	Mutant	54	1	69	1	TP53	223.439	2118.41	482.157	344.688	265.207	648.013
DDRNM	TCGA-C8-A26W-01	Mutant	72	1	236	1	TP53	25.0487	587.81	144.726	28.9452	37.8514	79.8775
DDRNM	TCGA-C8-A1HK-01	Mutant	73	3	309	1	TP53	7.0018	143.536	30.5076	30.5076	7.5019	43.5109
DDRNM	TCGA-A8-A06Z-01	Mutant	105	3	310	1	TP53	9.1191	9.6257	3.293	2.2798	2.2798	7.5993
DDRNM	TCGA-C8-A130-01	Mutant	56	2	511	1	TP53	4.9336	323.719	58.0645	33.0171	20.8729	43.6433
DDRNM	TCGA-E9-A248-01	Mutant	31	5	310	1	TP53	140.822	932.988	213.338	114.924	88.7018	224.021
DDRNM	TCGA-A8-A07B-01	Mutant	88	5	274	1	TP53	9.2984	65.0888	9.2984	25.3593	20.2874	14.3702
DDRNM	TCGA-E2-A109-01	Mutant	89	5	424	1	TP53	16.6282	156.736	10.1617	30.485	20.0154	52.04
DDRNM	TCGA-AN-A04C-01	Mutant	99	3	344	1	TP53	3.9014	138.322	16.6696	23.4084	21.2804	29.7925
DDRNM	TCGA-AN-A0FY-01	Mutant	63	2	309	1	TP53	13.3351	61.505	29.1196	25.3096	5.9872	50.6191
DDRNM	TCGA-E2-A1LK-01	Mutant	61	3	127	1	TP53	2.9346	117.969	16.4335	4.6953	2.9346	36.3885
DDRNM	TCGA-C8-A27B-01	Mutant	163	5	268	1	TP53	197.86	537.98	552.858	55.8601	40.1984	405.638
DDRNM	TCGA-D8-A1XW-01	Mutant	126	4	148	1	TP53	31.9013	169.739	38.5223	30.9984	15.3487	114.363
DDRNM	TCGA-OL-A66K-01	Mutant	52	2	63	1	CHEK2	74.6037	139.26	20.7232	4.1446	29.8415	25.2824
DDRNM	TCGA-BH-A0HX-01	Mutant	89	3	278	1	TP53	17.5388	111.334	20.5891	9.9133	13.3448	43.8471
DDRNM	TCGA-C8-A12Z-01	Mutant	62	1	224	1	TP53	6.3921	27.0436	4.917	3.4419	3.4419	17.2096
DDRNM	TCGA-AO-A03N-01	Mutant	135	0	239	1	TP53	2.5038	37.0556	25.0376	10.5158	10.5158	9.0135
DDRNM	TCGA-A7-A26G-01	Mutant	72	0	130	1	TP53	42.9858	292.139	53.9376	87.0668	22.725	171.669
DDRNM	TCGA-AC-A62X-01	Mutant	89	3	173	1	TP53	84.5217	12.0745	6.6618	9.5764	6.6618	393.88
DDRNM	TCGA-BH-A0HY-01	Mutant	87	2	348	1	TP53	6.25	89.7059	7.3529	8.8235	4.0441	26.8382
DDRNM	TCGA-BH-A0EE-01	Mutant	179	7	199	1	TP53	64.6025	125.523	24.7699	44.5188	13.3891	53.8912
DDRNM	TCGA-UU-A93S-01	Mutant	236	5	570	3	MDC1:ATR:TP53	44.1389	44.1389	10.1302	22.4313	11.5774	21.7077
DDRNM	TCGA-AC-A8OP-01	Mutant	255	6	245	1	CHEK2	12.4241	124.759	18.6361	28.9896	12.9418	36.7546
DDRNM	TCGA-D8-A1XJ-01	Mutant	116	5	312	1	TP53	9.9646	18.7213	5.1333	13.588	12.9841	37.4426
DDRNM	TCGA-AN-A0FT-01	Mutant	132	4	537	1	TP53	7.4729	146.552	38.1948	4.1516	11.6245	22.0035
DDRNM	TCGA-AR-A1AP-01	Mutant	55	0	240	1	TP53	17.9937	110.211	29.6896	39.1363	61.1786	85.0202
DDRNM	TCGA-AN-A0FX-01	Mutant	151	13	313	1	TP53	11.4833	98.2456	176.714	10.5263	15.63	57.0973
DDRNM	TCGA-AN-A0FV-01	Mutant	117	3	286	1	TP53	5.7609	14.5943	0	4.6087	4.9928	42.6308
DDRNM	TCGA-BH-A18Q-01	Mutant	112	9	190	1	TP53	49.1369	327.015	436.302	43.6302	34.3111	133.856
DDRNM	TCGA-BH-A18V-01	Mutant	549	14	607	2	RECQL:TP53	52.0341	150.137	318.833	77.8855	27.8399	148.811
DDRNM	TCGA-AO-A03V-01	Mutant	73	1	446	1	TP53	6.6667	140.392	62.3529	5.8824	10.5882	20.3922
DDRNM	TCGA-B6-A0IN-01	Mutant	49	3	373	1	PARP3	11.7883	158.906	40.5517	46.2101	49.9823	59.8845
DDRNM	TCGA-B6-A0WV-01	Mutant	38	8	127	1	UBE2A	11.6959	48.1332	9.4467	4.9483	0.8997	8.9969
DDRNM	TCGA-A2-A0CR-01	Mutant	220	1	57	1	HERC2	8.4717	1566.83	784.751	181.474	266.191	127.076
DDR	TCGA-A2-A3Y0-01	Mutant	251	1	282	1	REC8	60.7454	417.337	186.505	148.416	209.49	76.5064
DDR	TCGA-D8-A1J8-01	Mutant	990	55	73	1	XPC	120.241	683.101	98.0553	101.89	50.3972	391.4
DDR	TCGA-B6-A0IO-01	Mutant	90	3	275	1	RAD18	4.6056	135.866	43.7536	11.1851	11.1851	25.0021
DDR	TCGA-A8-A09Q-01	Mutant	201	1	667	1	MSH4	41.8711	193	38.2728	79.8168	56.9185	165.195
DDR	TCGA-OL-A66P-01	Mutant	127	16	231	1	XPC	12.2302	1499.28	430.935	227.338	485.611	166.906
DDR	TCGA-C8-A26Y-01	Mutant	923	18	275	1	ALKBH1	53.5414	119.933	45.5867	40.6914	13.7678	33.3486
DDR	TCGA-PL-A8LV-01	Mutant	163	4	188	1	FANCI	20.1189	225.88	68.5871	92.8212	53.0407	63.5574
DDR	TCGA-BH-A1FC-01	Mutant	131	4	363	1	MSH4	47.3704	689.665	162.413	110.335	163.884	164.472
DDR	TCGA-A8-A08R-01	Mutant	336	11	290	1	FANCI	89.9633	262.546	56.6095	106.181	58.7515	215.116
DDR	TCGA-AN-A0AK-01	Mutant	1533	214	113	2	RNF168:RAD18	13.4341	78.5055	16.7926	21.8304	31.4861	52.8967
DDR	TCGA-D8-A27G-01	Mutant	1179	5	172	2	RNF168:TOP3A	24.2797	468.436	113.953	39.495	51.7967	68.6306
DDR	TCGA-AC-A5XS-01	Mutant	1444	10	77	2	DCLRE1B:TOP3A	4.6455	406.942	140.757	59.4619	49.7064	84.5473
DDR	TCGA-A8-A09Z-01	Mutant	1541	177	70	4	REC8:DCLRE1B:POLN:RAD18	115.275	521.77	121.699	49.6074	88.8651	96.0029
DDR	TCGA-A2-A0YK-01	Mutant	487	1	59	1	REC8	58.8778	1184.42	331.948	139.067	119.201	183.135
DDR	TCGA-A1-A0SI-01	Mutant	277	1	57	1	XPC	48.8523	583.579	162.154	45.6151	59.741	158.034
DDR	TCGA-A8-A07W-01	Mutant	181	5	256	1	FANCI	21.9274	79.7648	18.7495	29.5543	13.9827	69.2778
DDR	TCGA-A8-A09G-01	Mutant	358	5	149	1	ALKBH1	39.4858	273.033	48.6685	53.8721	49.5868	83.5629
DDR	TCGA-AO-A03M-01	Mutant	1149	0	179	1	PMS2	72.6981	654.283	134.171	107.978	86.0617	163.304
DDR	TCGA-AN-A0XW-01	Mutant	427	2	301	1	TOP3A	63.0228	594.048	112.43	141.996	116.32	292.55
DDR	TCGA-D8-A27V-01	Mutant	456	2876	180	4	XPC:DCLRE1B:POLN:ALKBH1	51.3842	126.258	39.0101	5.6628	6.5017	91.443
DDR	TCGA-D8-A1XQ-01	Mutant	1067	112	303	1	RNF168	83.5778	246.726	45.5098	119.07	58.9624	260.179
DDR	TCGA-B6-A0IK-01	Mutant	206	1	199	1	PMS2	13.8728	156.647	27.1676	30.0578	16.763	36.4162
DDR	TCGA-BH-A0HK-01	Mutant	282	7	121	1	POLN	20.5479	110.116	13.6986	5.7956	8.4299	54.7945
DDR	TCGA-AC-A23C-01	Mutant	146	7	299	1	PMS2	31.8845	327.267	83.9224	43.6156	14.1375	102.873
DDR	TCGA-AR-A0TW-01	Mutant	68	3	411	1	MSH4	31.5297	594.794	105.756	83.7507	71.5987	149.766
DDR	TCGA-A8-A094-01	Mutant	241	12	297	1	FANCI	83.0731	376.64	74.3285	109.307	118.676	292.317
DDR	TCGA-E9-A22G-01	Mutant	121	7	354	1	APLF	26.1214	55.6635	23.9446	32.6518	10.262	109.772
DDR	TCGA-S3-A6ZF-01	Mutant	57	3	188	1	APEX2	30.8804	206.964	75.887	54.862	31.866	55.5191
DDR	TCGA-BH-A18M-01	Mutant	22	0	63	1	LIG3	28.6503	153.904	34.16	5.5097	8.4482	59.1373
DDR	TCGA-C8-A274-01	Mutant	290	7	99	1	APEX2	14.3825	37.8924	14.9357	10.7869	4.9786	37.0626
DDR	TCGA-BH-A18J-01	Mutant	112	1	384	1	APLF	13.9785	16.0753	5.9409	13.6291	9.0861	66.3981
DDR	TCGA-A8-A0A1-01	Mutant	59	3	99	1	MUTYH	132.028	278.112	50.7028	111.446	15.5622	387.048
DDR	TCGA-C8-A12M-01	Mutant	85	4	483	1	NEIL1	16.0929	227.446	23.0665	24.6758	21.4572	37.5501
DDR	TCGA-C8-A131-01	Mutant	78	6	100	1	NTHL1	11.5496	132.82	26.949	16.8431	13.9557	80.847
DDR	TCGA-C8-A1HM-01	Mutant	459	2	252	1	NEIL1	157.671	1752.37	395.833	164.299	297.349	295.928
DDR	TCGA-D8-A140-01	Mutant	141	8	470	1	PNKP	42.3862	310.832	39.6389	60.0471	20.4082	84.7724
DDR	TCGA-BH-A208-01	Mutant	86	2	142	1	XRCC1	13.5091	145.114	43.142	27.454	6.9724	79.7472
DDR	TCGA-AC-A8OS-01	Mutant	81	4	67	1	APEX1	34.2406	421.861	92.1861	40.3863	39.0694	71.115
DDR	TCGA-E2-A1IH-01	Mutant	86	3	221	1	APLF	24.6083	947.912	152.9	119.432	50.8572	172.586
DDR	TCGA-C8-A275-01	Mutant	145	1	204	1	XRCC1	76.1989	438.07	81.2004	147.396	70.0206	147.396
DDR	TCGA-BH-A18L-01	Mutant	71	1	150	1	LIG3	12.7168	49.422	10.4046	3.1792	8.6705	27.4566
DDR	TCGA-C8-A8HQ-01	Mutant	375	4	184	1	MBD4	39.3103	369.31	75.5172	77.2414	49.3103	122.414
DDR	TCGA-A8-A0A7-01	Mutant	303	1	133	1	TDG	101.688	2380.05	828.426	121.319	173.93	404.005
DDR	TCGA-B6-A0IJ-01	Mutant	175	2	336	1	APEX2	43.725	555.252	123.327	100.904	155.84	128.653
DDR	TCGA-D8-A1J9-01	Mutant	278	2	301	1	HMCES	14.9137	62.0094	9.4192	30.6122	6.5411	114.076
DDR	TCGA-EW-A1PB-01	Mutant	187	5	318	1	ATRX	772.592	770.978	190.405	85.8436	465.685	413.727
DDR	TCGA-D8-A1JL-01	Mutant	134	2	166	1	ATRX	138.361	499.419	118.071	158.895	84.3366	305.079
DDR	TCGA-BH-A18K-01	Mutant	74	3	149	1	ATRX	5.6662	86.7641	19.4776	4.9579	3.8955	43.5591
DDR	TCGA-BH-A18U-01	Mutant	182	6	524	1	ATRX	33.7671	72.1069	11.2557	53.8164	23.2149	108.688
DDR	TCGA-BH-A1F8-01	Mutant	193	4	218	1	CHAF1A	14.4676	176.794	25.463	11.5741	22.8588	73.4954
DDR	TCGA-A8-A06O-01	Mutant	82	8	162	1	BLM	26.8548	120.337	24.8152	36.033	10.198	64.2475
DDR	TCGA-A8-A07E-01	Mutant	77	3	155	1	ATM	17.192	304.298	106.59	12.894	25.5014	116.619
DDR	TCGA-A7-A4SE-01	Mutant	306	15	348	1	BLM	21.7031	61.5899	18.1837	36.3674	15.8374	66.2825
DDR	TCGA-UL-AAZ6-01	Mutant	147	3	580	1	RECQL4	7.186	32.7363	5.5891	10.3798	10.3798	52.6975
DDR	TCGA-EW-A1J6-01	Mutant	44	3	275	1	ATM	19.0802	289.837	57.6948	127.655	31.8003	119.478
DDR	TCGA-D8-A1Y1-01	Mutant	248	44	85	1	WRN	10.9419	40.2983	9.8744	6.9388	6.6719	80.5966
DDR	TCGA-A2-A0T7-01	Mutant	30	3	167	1	ATM	19.3544	255.073	73.0844	22.2431	15.599	74.8177
DDR	TCGA-B6-A0RL-01	Mutant	72	3	230	1	ATM	6.4615	138.462	0.6154	2.7692	10.7692	2.7692
DDR	TCGA-GM-A2DH-01	Mutant	234	7	185	1	ATM	128.031	673.533	189.57	212.777	76.1408	124.12
DDR	TCGA-AN-A0FL-01	Mutant	209	9	536	1	DNTT	4.6062	17.0428	14.7398	4.1456	1.8425	20.7278
DDR	TCGA-E2-A158-01	Mutant	126	7	409	1	POLD1	29.4748	104.533	8.911	21.592	7.8828	98.7062
DDR	TCGA-D8-A13Y-01	Mutant	85	7	253	1	POLB	6.2059	25.5536	606.716	0.7301	44.1712	15.3322
DDR	TCGA-A8-A0A4-01	Mutant	40	1	147	1	REV3L	26.9852	98.3654	26.55	3.0467	3.0467	67.463
DDR	TCGA-A1-A0SO-01	Mutant	368	18	555	1	POLD4	6.2181	87.3241	6.2181	13.5177	4.8664	28.3871
DDR	TCGA-D8-A1JU-01	Mutant	20	1	60	1	POLA1	24.055	299.906	77.4758	24.055	20.931	130.272
DDR	TCGA-BH-A18P-01	Mutant	439	5	88	1	POLQ	41.7468	135.86	32.2256	24.1692	12.0846	51.6342
DDR	TCGA-S3-AA12-01	Mutant	68	4	136	1	POLQ	21.0682	80.8432	6.3695	8.3293	6.8594	22.5381
DDR	TCGA-A8-A08H-01	Mutant	175	3	71	1	POLL	37.8661	232.543	50.7852	42.321	16.0374	144.782
DDR	TCGA-A2-A0D3-01	Mutant	35	4	59	1	POLI	24.1818	315.331	53.5225	17.4109	40.6255	37.4013
DDR	TCGA-B6-A0X0-01	Mutant	27	1	51	1	POLG	5.4348	109.903	30.7971	1.2077	6.0386	10.2657
DDR	TCGA-A8-A06Q-01	Mutant	318	4	591	1	PRIMPOL	9.9201	31.1381	9.0934	2.48	3.5823	22.0446
DDR	TCGA-BH-A0DZ-01	Mutant	779	0	207	1	POLQ	39.8305	152.542	48.3051	11.0169	17.7966	120.339
DDR	TCGA-C8-A138-01	Mutant	56	3	243	1	REV3L	32.3616	1406.96	320.534	81.6746	80.1336	160.781
DDR	TCGA-C8-A8HR-01	Mutant	64	0	75	1	POLG	20.0808	388.082	116.992	55.4404	51.5115	106.079
DDR	TCGA-AC-A2FG-01	Mutant	39	3	74	1	REV3L	17.6211	117.647	41.2024	3.1096	6.2192	73.8533
DDR	TCGA-A8-A09W-01	Mutant	116	3	193	1	POLE	7.9673	111.542	29.7725	7.548	1.6773	61.2224
DDR	TCGA-BH-A0E2-01	Mutant	61	3	427	1	POLE	23.5479	268.838	66.719	11.3815	18.0534	85.1648
DDR	TCGA-B6-A0X1-01	Mutant	93	6	574	1	REV3L	63.5956	511.483	125.561	72.836	95.1216	119.582
DDR	TCGA-E9-A5FL-01	Mutant	142	3	100	1	POLE	7.1059	46.5116	10.9819	29.0698	12.9199	32.2997
DDR	TCGA-A2-A04U-01	Mutant	68	3	1602	1	POLD1	2.5977	91.96	12.9887	75.3345	5.1955	24.9383
DDR	TCGA-C8-A12K-01	Mutant	178	6	289	1	POLA1	121.53	918.877	252.005	114.436	88.5256	392.659
DDR	TCGA-BH-A0AZ-01	Mutant	74	6	145	1	DNA2	19.6454	200.767	58.4571	6.7082	10.5414	90.0815
DDR	TCGA-S3-AA10-01	Mutant	219	11	247	1	EXO1	145.045	858.358	201.191	291.365	279.881	251.808
DDR	TCGA-AN-A0FZ-01	Mutant	95	2	440	1	APTX	2.0128	19.6251	5.0321	1.258	1.0064	19.3735
DDR	TCGA-A2-A1G4-01	Mutant	41	4	135	1	FAN1	15.8959	128.537	24.1178	9.0442	11.5108	24.3919
DDR	TCGA-AN-A0AT-01	Mutant	144	9	481	1	BRCA2	24.5027	188.239	70.9138	38.3396	52.1764	77.544
DDR	TCGA-C8-A1HO-01	Mutant	50	1	184	1	RAD51C	51.5114	97.1622	12.3381	10.7958	7.4028	61.3819
DDR	TCGA-S3-AA0Z-01	Mutant	78	2	271	1	FANCB	44.1932	194.245	70.9147	64.063	62.0075	69.2018
DDR	TCGA-AO-A124-01	Mutant	184	10	585	2	BRCA2:FANCG	16.8921	108.51	545.415	22.9046	32.3527	151.743
DDR	TCGA-D8-A1JP-01	Mutant	142	6	241	1	BRCA2	10.0865	246.398	134.966	30.2594	30.2594	122.959
DDR	TCGA-E2-A15T-01	Mutant	41	1	158	1	FANCD2	24.4687	91.6007	8.7836	6.9014	6.9014	13.8028
DDR	TCGA-AR-A250-01	Mutant	158	7	221	1	FANCE	41.1148	170.806	29.8013	87.7483	19.5916	169.702
DDR	TCGA-BH-A1F2-01	Mutant	72	3	187	1	SLX4	5.8087	51.6665	8.5601	1.5286	2.4458	56.558
DDR	TCGA-A2-A0SU-01	Mutant	37	6	87	1	BRCA2	6.0267	198.45	61.1279	18.0801	9.901	71.0288
DDR	TCGA-GM-A3NW-01	Mutant	99	1	132	1	FANCG	8.8692	135.255	18.847	16.9993	32.5203	47.6718
DDR	TCGA-A7-A13E-01	Mutant	145	11	168	1	FANCD2	7.6866	154.158	206.256	12.3839	5.1244	49.5356
DDR	TCGA-B6-A0I1-01	Mutant	91	1	271	1	FANCD2	2.5865	50.4365	134.497	5.8196	0.9699	11.9625
DDR	TCGA-A8-A085-01	Mutant	83	4	187	1	BRCA2	2.4181	0	0.2418	0.2418	0.7254	13.5413
DDR	TCGA-BH-A203-01	Mutant	104	2	475	1	PALB2	18.6413	248.073	63.8107	116.15	17.2074	70.622
DDR	TCGA-LL-A6FQ-01	Mutant	71	2	300	1	FANCD2	0.471	37.6825	18.8413	9.8917	50.8714	23.0805
DDR	TCGA-E2-A14W-01	Mutant	108	20	231	1	BRCA2	3.3541	38.8117	34.9784	1.4375	0.4792	20.6037
DDR	TCGA-A2-A0T2-01	Mutant	36	7	220	1	FANCF	5.35	272.403	96.7454	47.704	21.3999	77.1288
DDR	TCGA-E9-A54Y-01	Mutant	63	3	140	1	BRCA2	2.9621	30.8057	7.7014	7.7014	12.4408	14.8104
DDR	TCGA-A2-A04X-01	Mutant	52	2	247	1	FANCM	49.7432	464.63	98.7654	124.358	90.4749	130.846
DDR	TCGA-C8-A12T-01	Mutant	214	0	195	1	BRCA2	19.1115	138.225	35.1119	33.3341	21.3338	117.78
DDR	TCGA-E9-A3HO-01	Mutant	78	8	194	1	BRCA2	18.0596	305.754	63.8387	33.1793	45.3591	44.0991
DDR	TCGA-A8-A09I-01	Mutant	190	5	382	1	FANCA	67.0805	296.956	48.6584	75.2903	47.0565	141.97
DDR	TCGA-EW-A1J5-01	Mutant	543	2	107	1	RBBP8	64.7368	613.947	115.526	152.632	64.7368	181.579
DDR	TCGA-BH-A0WA-01	Mutant	118	4	234	1	BRCA1	31.4714	158.725	45.1546	29.761	18.1302	131.359
DDR	TCGA-BH-A2L8-01	Mutant	636	1	36	1	BRCA1	33.3819	1035.2	220.751	118.093	115.221	103.735
DDR	TCGA-BH-A1FU-01	Mutant	119	0	89	1	RAD54B	32.9147	194.457	38.1117	29.0169	28.1507	87.0507
DDR	TCGA-A7-A26H-01	Mutant	152	4	79	1	BRCA1	25.0653	203.133	55.0914	37.3368	50.1305	86.1619
DDR	TCGA-E2-A14Q-01	Mutant	40	3	117	1	RAD54B	22.5689	241.952	67.0428	12.2801	20.9094	33.8533
DDR	TCGA-BH-A0BM-01	Mutant	73	4	53	1	RAD54B	12.7389	118.471	24.2038	7.6433	10.828	61.1465
DDR	TCGA-E9-A1NC-01	Mutant	89	5	209	1	BRCA1	32.1846	445.851	244.697	106.02	93.2406	146.251
DDR	TCGA-AC-A2FO-01	Mutant	30	2	126	1	MUS81	36.0745	463.925	128.006	38.4019	51.2025	125.291
DDR	TCGA-A1-A0SQ-01	Mutant	38	2	144	1	XRCC2	9.6823	64.9521	16.5406	3.6309	10.8926	25.8195
DDR	TCGA-AO-A1KR-01	Mutant	90	4	353	1	BRCA1	2.6756	276.254	70.2341	84.9498	113.712	16.0535
DDR	TCGA-D8-A27M-01	Mutant	99	2	190	1	BRCA1	201.355	449.2	114.84	156.404	57.8818	352.525
DDR	TCGA-C8-A12W-01	Mutant	82	1	235	1	RAD54B	31.0747	117.825	21.148	14.6741	22.8744	51.7911
DDR	TCGA-AR-A0U4-01	Mutant	206	6	320	1	BRCA1	60.4603	125.386	18.2068	66.9873	46.0323	264.857
DDR	TCGA-E2-A1BC-01	Mutant	93	4	79	1	MUS81	18.2975	67.6213	7.1599	10.3421	3.9777	51.7104
DDR	TCGA-D8-A1JK-01	Mutant	257	26	337	1	RAD54B	62.4181	324.955	63.8475	57.1769	106.254	243.478
DDR	TCGA-AN-A0XU-01	Mutant	142	11	487	1	BRCA1	42.3846	220.193	408.684	40.6616	72.7085	95.1068
DDR	TCGA-A1-A0SH-01	Mutant	140	3	135	1	BRCA1	11.918	60.3125	14.8073	6.1396	7.9454	65.7298
DDR	TCGA-AC-A6IW-01	Mutant	248	3	302	1	RAD54B	50.373	629.502	377.637	242.56	172.295	122.243
DDR	TCGA-AN-A0XV-01	Mutant	46	3	208	1	RAD54L	19.5258	223.152	34.5188	49.8605	36.6109	81.59
DDR	TCGA-C8-A8HP-01	Mutant	275	1	206	1	PMS1	26.1279	394.957	124.563	163.451	120.31	126.386
DDR	TCGA-D8-A1XU-01	Mutant	38	2	132	1	MSH5	12.8977	86.8444	32.9607	22.9292	14.0441	57.323
DDR	TCGA-E9-A1ND-01	Mutant	108	5	205	1	PMS1	106.446	785.104	155.921	220.888	241.878	269.364
DDR	TCGA-BH-A0HA-01	Mutant	406	64	74	1	MLH1	21.3383	333.99	102.053	67.262	47.7792	104.836
DDR	TCGA-EW-A1OV-01	Mutant	142	2	117	1	MSH5	81.7511	1591.24	342.3	122.89	237.869	251.055
DDR	TCGA-C8-A1HE-01	Mutant	57	1	91	1	MLH1	11.7891	80.9163	21.1669	8.5739	8.8419	24.1141
DDR	TCGA-AN-A0AJ-01	Mutant	112	6	468	1	PMS1	52.3364	396.86	103.776	93.0093	69.0841	183.028
DDR	TCGA-AN-A0AR-01	Mutant	149	12	611	1	MLH3	3.9672	27.049	10.4589	8.295	7.9344	16.59
DDR	TCGA-AR-A256-01	Mutant	229	16	674	1	RAD23A	22.7828	74.8576	158.887	32.8427	6.2135	53.8501
DDR	TCGA-AO-A03O-01	Mutant	99	4	661	1	ERCC6	48.9083	173.799	49.7817	67.2489	55.4585	106.114
DDR	TCGA-EW-A6SA-01	Mutant	128	1	266	1	ERCC4	1.8623	59.5949	4.0351	0.6208	1.552	3.4143
DDR	TCGA-Z7-A8R6-01	Mutant	111	6	163	1	RPA2	16.007	79.3388	15.659	17.7468	12.1792	34.1018
DDR	TCGA-A8-A09N-01	Mutant	102	4	458	1	CDK7	10.4735	185.904	32.7297	15.2738	17.0194	45.8215
DDR	TCGA-B6-A0IP-01	Mutant	57	2	61	1	MMS19	17.3666	170.025	47.338	10.6441	20.1677	24.3693
DDR	TCGA-B6-A0RO-01	Mutant	43	4	129	1	DDB1	0.8972	62.8037	226.393	4.486	37.0841	12.2617
DDR	TCGA-A2-A04W-01	Mutant	189	1	394	1	MMS19	7.0242	65.9192	16.2096	13.508	11.8871	17.2903
DDR	TCGA-C8-A132-01	Mutant	86	2	220	1	ERCC1	58.3012	737.838	157.529	79.9228	65.6371	138.224
DDR	TCGA-A7-A6VV-01	Mutant	68	2	543	1	PRKDC	26.1414	65.7268	31.3696	44.0668	31.3696	99.7106
DDR	TCGA-C8-A12Q-01	Mutant	142	4	369	1	XRCC6	37.6147	131.95	26.2706	22.0912	14.9265	69.856
DDR	TCGA-E9-A1NF-01	Mutant	67	4	313	1	PRKDC	19.1937	145.501	23.5278	37.7683	11.1448	217.942
DDR	TCGA-B6-A0RQ-01	Mutant	56	1	64	1	TP53BP1	13.0026	86.065	20.1231	3.4054	5.5726	16.7177
DDR	TCGA-A2-A0D0-01	Mutant	109	5	565	1	TP53	28.0066	334.432	53.9539	42.0099	79.4893	58.0725
DDR	TCGA-C8-A12L-01	Mutant	92	10	441	1	TP53	132.964	72.8136	16.2248	29.2837	34.4282	69.2521
DDR	TCGA-C8-A1HJ-01	Mutant	127	8	361	1	TP53	16.8067	180.322	109.944	103.641	6.3025	61.6246
DDR	TCGA-AR-A0TV-01	Mutant	79	4	358	1	TP53	49.3431	448.288	83.6384	68.2405	109.185	131.932
DDR	TCGA-C8-A1HG-01	Mutant	73	2	332	1	TP53	14.6628	888.563	195.015	115.836	86.5103	137.097
DDR	TCGA-AN-A0XT-01	Mutant	22	0	227	1	TP53	11.648	62.1225	12.9422	3.8827	8.6281	24.1588
DDR	TCGA-AC-A8OQ-01	Mutant	148	1	460	1	TP53	34.3961	388.941	100.543	149.226	122.768	100.543
DDR	TCGA-LD-A74U-01	Mutant	360	1	46	1	TP53	25.7406	185.495	51.4811	16.7518	20.8376	69.0501
DDR	TCGA-E2-A155-01	Mutant	82	4	231	2	ATR:TP53	9.8759	88.3187	9.0294	5.079	5.079	15.5193
DDR	TCGA-A1-A0SP-01	Mutant	72	3	327	1	TP53	18.9712	119.299	18.2415	57.2784	23.3491	133.163
DDR	TCGA-LD-A7W5-01	Mutant	69	1	316	1	TP53	25.9699	669.766	160.308	141.712	205.515	97.7878
DDR	TCGA-A2-A0CW-01	Mutant	89	4	419	1	TP53	33.0507	154.62	36.7869	36.4995	26.1532	68.9754
DDR	TCGA-A7-A4SD-01	Mutant	138	8	434	1	TP53	83.5821	490.05	88.5572	136.318	147.264	136.318
DDR	TCGA-E9-A1RB-01	Mutant	41	2	198	1	TP53	8.5848	44.7451	7.2841	21.3319	4.6826	39.0219
DDR	TCGA-B6-A0RS-01	Mutant	200	5	400	1	TP53	35.3535	492.424	114.268	76.7045	35.0379	88.6995
DDR	TCGA-BH-A1F6-01	Mutant	54	4	423	1	TP53	44.3187	379.538	1820.84	47.619	19.3305	149.458
DDR	TCGA-E2-A1B6-01	Mutant	61	2	61	1	TP53	28.1124	1125.17	1076.31	420.571	198.572	145.694
DDR	TCGA-D8-A143-01	Mutant	63	7	149	1	TP53	24.589	160.017	74.1452	34.4245	38.5858	62.0398
DDR	TCGA-BH-A1F0-01	Mutant	100	1	143	1	TP53	129.046	635.337	225.185	167.975	141.951	340.467
DDR	TCGA-LL-A73Y-01	Mutant	197	2	200	1	TP53	34.1725	148.323	107.607	192.675	50.1681	89.0666
DDR	TCGA-EW-A1OZ-01	Mutant	77	2	532	1	TP53	10.6906	87.2489	20.6914	67.2472	19.6569	87.5938
DDR	TCGA-AN-A0FJ-01	Mutant	125	4	709	1	TP53	7.8031	108.043	21.0084	43.8175	10.8043	64.8259
DDR	TCGA-A2-A0CM-01	Mutant	71	5	386	2	TP53:MGMT	180.455	731.049	163.378	164.763	68.7666	164.763
DDR	TCGA-C8-A1HF-01	Mutant	42	1	186	1	TP53	26.73	767.746	151.767	110.187	121.77	186.813
DDR	TCGA-B6-A409-01	Mutant	56	2	194	1	TP53	4.1335	90.62	27.9809	22.2576	16.8521	35.93
DDR	TCGA-OL-A97C-01	Mutant	83	13	122	1	SPRTN	17.5557	467.252	105.334	276.165	93.8555	35.1114
DDR	TCGA-D8-A1JF-01	Mutant	51	5	166	1	TP53	14.7837	176.245	33.9155	18.5521	8.1165	65.8019
DDR	TCGA-A7-A56D-01	Mutant	464	8	323	1	TP53	8.0107	39.3858	34.0454	58.0774	15.3538	89.4526
DDR	TCGA-C8-A12P-01	Mutant	205	5	547	1	TP53	70.3095	99.7325	22.5449	31.7157	12.992	106.993
DDR	TCGA-C8-A27A-01	Mutant	41	0	482	1	TP53	15.0156	198.002	9.1621	30.2857	4.581	41.7382
DDR	TCGA-EW-A6S9-01	Mutant	50	1	253	1	TP53	37.8585	43.5946	8.7954	13.7667	9.1778	66.1568
DDR	TCGA-D8-A142-01	Mutant	168	5	231	1	TP53	22.3108	193.36	48.6056	37.9814	13.5458	101.992
DDR	TCGA-AN-A0XN-01	Mutant	184	9	541	1	TP53	40.8468	107.098	17.9328	19.9253	10.9589	159.402
DDR	TCGA-E2-A1LG-01	Mutant	220	2	239	2	TP53:TOPBP1	37.4693	75.2457	195.946	27.027	28.2555	32.8624
DDR	TCGA-AO-A12G-01	Mutant	45	6	149	1	TP53	16.8	169.2	28.4	7.6	9.2	46.8
DDR	TCGA-BH-A18T-01	Mutant	109	2	625	1	TP53	25.4395	126.599	38.9075	48.4848	15.8623	44.8933
DDR	TCGA-A2-A4S3-01	Mutant	112	2	228	1	TP53	19.9032	271.651	73.6955	82.3023	115.116	61.8612
DDR	TCGA-AR-A1AH-01	Mutant	124	7	298	1	TP53	4.3599	19.7872	4.3599	5.366	2.0123	8.3844
DDR	TCGA-B6-A0RH-01	Mutant	47	3	210	1	TP53	22.0083	165.062	30.6052	17.8817	6.5337	64.6492
DDR	TCGA-AR-A1AI-01	Mutant	90	2	323	1	TP53	77.2634	655.208	118.448	115.044	119.129	235.194
DDR	TCGA-EW-A1P8-01	Mutant	39	3	201	1	TP53	11.828	116.129	30.4659	43.0108	24.0143	86.3799
DDR	TCGA-BH-A1FN-01	Mutant	153	5	432	1	TP53	41.3297	37.9261	30.1464	16.5319	5.3486	120.586
DDR	TCGA-E2-A14Y-01	Mutant	109	5	185	1	TP53	16.9402	23.2927	11.6464	24.3515	2.1175	33.351
DDR	TCGA-BH-A5J0-01	Mutant	106	3	306	1	TP53	12.975	297.498	108.897	78.3133	70.899	116.775
DDR	TCGA-C8-A135-01	Mutant	83	4	205	1	TP53	14.7465	542.857	108.756	14.2857	17.9724	56.682
DDR	TCGA-AQ-A04J-01	Mutant	103	3	194	1	TP53	17.7721	382.101	161.853	103.142	56.8074	121.866
DDR	TCGA-A8-A081-01	Mutant	155	6	291	1	TP53	48.3745	675.423	140.702	61.8986	47.5943	113.914
DDR	TCGA-AC-A7VC-01	Mutant	28	1	84	1	TP53	4.3707	33.0923	3.1219	3.7463	7.4926	19.3559
DDR	TCGA-AR-A24P-01	Mutant	24	2	44	1	TP53	24.8807	95.4723	14.4655	20.2517	6.6541	55.8368
DDR	TCGA-C8-A278-01	Mutant	56	1	175	1	TP53	86.7178	301.685	71.7665	133.898	41.8638	256.499
DDR	TCGA-E9-A1N5-01	Mutant	40	3	81	1	TP53	31.5483	488.998	124.714	21.6894	37.4636	85.7719
DDR	TCGA-A8-A06U-01	Mutant	96	2	886	1	TP53	22.5593	204.201	80.9024	51.7308	18.6698	90.2373
DDR	TCGA-A1-A0SK-01	Mutant	85	3	314	2	NABP2:TP53	3.4668	45.0678	91.081	0.6303	12.2912	16.0731
DDR	TCGA-AC-A5EI-01	Mutant	47	4	94	1	PRPF19	NA	NA	NA	NA	NA	NA
DDR	TCGA-B6-A0WX-01	Mutant	48	0	201	1	TP53	10.9977	309.452	86.0852	60.2976	40.5776	60.2976
DDR	TCGA-D8-A1XF-01	Mutant	56	0	148	1	RAD1	12.2303	319.036	3.4944	8.7359	7.6876	20.6168
DDR	TCGA-BH-A1FE-01	Mutant	27	2	325	1	TP53	59.794	631.607	165.107	82.688	26.6649	162.413
DDR	TCGA-AN-A0AS-01	Mutant	50	2	245	2	TP53:RAD17	6.7583	71.6378	22.5276	11.2638	8.5605	40.0991
DDR	TCGA-E9-A1N9-01	Mutant	74	0	386	1	TP53	10.4574	199.145	55.9243	30.0082	16.8228	45.0123
DDR	TCGA-BH-A0BL-01	Mutant	136	7	249	2	TP53:TOPBP1	74.1655	364.444	65.3507	105.169	81.7644	247.725
DDR	TCGA-BH-A1EY-01	Mutant	57	1	371	1	TP53	39.4957	197.966	49.7353	108.735	46.8097	126.776
DDR	TCGA-E2-A152-01	Mutant	174	1	140	2	RIF1:TP53	18.601	66.8843	12.2687	24.1417	6.728	79.5488
DDR	TCGA-BH-A0BF-01	Mutant	35	2	171	1	TP53	82.4425	1023.6	223.442	180.68	111.721	340.557
DDR	TCGA-A2-A3XX-01	Mutant	53	2	185	1	TP53	8.5682	164.168	152.857	85.3397	54.494	54.1513
DDR	TCGA-OL-A5D6-01	Mutant	59	3	150	1	TP53	6.6632	66.1199	25.6279	39.4669	18.9646	47.6679
DDR	TCGA-A8-A09X-01	Mutant	72	2	138	1	TP53	46.3624	670.185	161.855	58.367	50.9159	185.036
DDR	TCGA-E9-A1N8-01	Mutant	40	3	225	1	TP53	25.8337	73.2738	11.7426	7.5153	16.4396	57.3039
DDR	TCGA-D8-A1XT-01	Mutant	46	2	329	1	TP53	25.6631	74.8727	20.6363	32.0127	13.493	146.835
DDR	TCGA-BH-A1FD-01	Mutant	43	1	463	1	TP53	72.2158	29.5824	8.1206	34.8028	5.5104	92.5174
DDR	TCGA-C8-A12V-01	Mutant	54	1	69	1	TP53	223.439	2118.41	482.157	344.688	265.207	648.013
DDR	TCGA-C8-A26W-01	Mutant	72	1	236	1	TP53	25.0487	587.81	144.726	28.9452	37.8514	79.8775
DDR	TCGA-C8-A1HK-01	Mutant	73	3	309	1	TP53	7.0018	143.536	30.5076	30.5076	7.5019	43.5109
DDR	TCGA-A8-A06Z-01	Mutant	105	3	310	1	TP53	9.1191	9.6257	3.293	2.2798	2.2798	7.5993
DDR	TCGA-C8-A130-01	Mutant	56	2	511	1	TP53	4.9336	323.719	58.0645	33.0171	20.8729	43.6433
DDR	TCGA-E9-A248-01	Mutant	31	5	310	1	TP53	140.822	932.988	213.338	114.924	88.7018	224.021
DDR	TCGA-A8-A07B-01	Mutant	88	5	274	1	TP53	9.2984	65.0888	9.2984	25.3593	20.2874	14.3702
DDR	TCGA-E2-A109-01	Mutant	89	5	424	1	TP53	16.6282	156.736	10.1617	30.485	20.0154	52.04
DDR	TCGA-AN-A04C-01	Mutant	99	3	344	1	TP53	3.9014	138.322	16.6696	23.4084	21.2804	29.7925
DDR	TCGA-AN-A0FY-01	Mutant	63	2	309	1	TP53	13.3351	61.505	29.1196	25.3096	5.9872	50.6191
DDR	TCGA-E2-A1LK-01	Mutant	61	3	127	1	TP53	2.9346	117.969	16.4335	4.6953	2.9346	36.3885
DDR	TCGA-C8-A27B-01	Mutant	163	5	268	1	TP53	197.86	537.98	552.858	55.8601	40.1984	405.638
DDR	TCGA-D8-A1XW-01	Mutant	126	4	148	1	TP53	31.9013	169.739	38.5223	30.9984	15.3487	114.363
DDR	TCGA-OL-A66K-01	Mutant	52	2	63	1	CHEK2	74.6037	139.26	20.7232	4.1446	29.8415	25.2824
DDR	TCGA-BH-A0HX-01	Mutant	89	3	278	1	TP53	17.5388	111.334	20.5891	9.9133	13.3448	43.8471
DDR	TCGA-C8-A12Z-01	Mutant	62	1	224	1	TP53	6.3921	27.0436	4.917	3.4419	3.4419	17.2096
DDR	TCGA-AO-A03N-01	Mutant	135	0	239	1	TP53	2.5038	37.0556	25.0376	10.5158	10.5158	9.0135
DDR	TCGA-A7-A26G-01	Mutant	72	0	130	1	TP53	42.9858	292.139	53.9376	87.0668	22.725	171.669
DDR	TCGA-AC-A62X-01	Mutant	89	3	173	1	TP53	84.5217	12.0745	6.6618	9.5764	6.6618	393.88
DDR	TCGA-BH-A0HY-01	Mutant	87	2	348	1	TP53	6.25	89.7059	7.3529	8.8235	4.0441	26.8382
DDR	TCGA-BH-A0EE-01	Mutant	179	7	199	1	TP53	64.6025	125.523	24.7699	44.5188	13.3891	53.8912
DDR	TCGA-UU-A93S-01	Mutant	236	5	570	3	MDC1:ATR:TP53	44.1389	44.1389	10.1302	22.4313	11.5774	21.7077
DDR	TCGA-AC-A8OP-01	Mutant	255	6	245	1	CHEK2	12.4241	124.759	18.6361	28.9896	12.9418	36.7546
DDR	TCGA-D8-A1XJ-01	Mutant	116	5	312	1	TP53	9.9646	18.7213	5.1333	13.588	12.9841	37.4426
DDR	TCGA-AN-A0FT-01	Mutant	132	4	537	1	TP53	7.4729	146.552	38.1948	4.1516	11.6245	22.0035
DDR	TCGA-AR-A1AP-01	Mutant	55	0	240	1	TP53	17.9937	110.211	29.6896	39.1363	61.1786	85.0202
DDR	TCGA-AN-A0FX-01	Mutant	151	13	313	1	TP53	11.4833	98.2456	176.714	10.5263	15.63	57.0973
DDR	TCGA-AN-A0FV-01	Mutant	117	3	286	1	TP53	5.7609	14.5943	0	4.6087	4.9928	42.6308
DDR	TCGA-BH-A18Q-01	Mutant	112	9	190	1	TP53	49.1369	327.015	436.302	43.6302	34.3111	133.856
DDR	TCGA-BH-A18V-01	Mutant	549	14	607	2	RECQL:TP53	52.0341	150.137	318.833	77.8855	27.8399	148.811
DDR	TCGA-AO-A03V-01	Mutant	73	1	446	1	TP53	6.6667	140.392	62.3529	5.8824	10.5882	20.3922
DDR	TCGA-B6-A0IN-01	Mutant	49	3	373	1	PARP3	11.7883	158.906	40.5517	46.2101	49.9823	59.8845
DDR	TCGA-B6-A0WV-01	Mutant	38	8	127	1	UBE2A	11.6959	48.1332	9.4467	4.9483	0.8997	8.9969
DDR	TCGA-A2-A0CR-01	Mutant	220	1	57	1	HERC2	8.4717	1566.83	784.751	181.474	266.191	127.076